85818
135338
369977
876674
404822
477228
425693
504064
348931
380617
315764
610648
606513
828621
528696
944930
321857
76030
938159
912205
234787
460213
762819
35204
717599
560786
171092
113794
712539
650968
558639
68643
217162
489611
285904
398904
400003
416474
293114
298920
890135
623457
587172
648455
300154
424020
711961
209827
960386
972907
142006
721167
94802
918477
343012
820885
340221
332425
318750
588924
168276
344768
306636
797789
158126
325530
642645
736977
769886
108595
291995
524673
722673
452249
73862
222717
929894
191
979786
646830
347335
666547
125420
408289
579428
741759
84650
873613
389169
465204
470770
706076
723954
551217
792876
77192
680140
992084
805031
616668
262693
381288
849104
873339
194076
481064
139484
792657
929080
859591
155565
874085
824624
904615
98685
749279
567315
866517
374930
375763
277334
355221
472629
332422
612669
302253
8066
828538
232620
820067
504998
174512
602128
165121
318982
197175
278281
618854
391679
783626
21082
659229
96290
344368
660979
306138
787833
740693
581016
365231
264386
511475
64730
770214
730192
92982
321561
231298
864365
625251
938046
985000
601274
723026
79006
384732
204471
212185
749300
372931
109563
504905
524079
934184
130344
874712
251616
758940
222850
331770
616991
906058
320056
290183
807202
196936
242744
846406
818046
662351
745076
615054
902303
620931
679360
205293
402235
38708
162853
466776
41165
675132
254365
599271
790727
598838
338594
45159
152137
889134
59406
289308
558346
786664
699733
621828
828421
516546
711535
561189
488154
16670
956958
476541
997071
653453
381778
155651
212819
329074
231365
318824
132463
26548
828246
474981
725885
666362
732881
312309
213957
413088
177402
768921
330977
353180
712711
314170
754398
977210
182025
671514
473314
708457
848264
736359
87973
37228
385558
106815
281967
533057
469603
223277
398060
889105
826375
991087
384447
161824
98496
33817
709701
87048
319822
321440
600552
758660
709252
533458
500429
520105
216786
604747
918864
675247
454833
978106
317369
704802
568867
691163
321823
49864
567582
566498
933130
20024
754113
178455
604298
745030
190693
601363
103153
51353
537051
551723
634436
226864
154161
451602
525638
24434
675947
971948
281133
502035
845903
708751
842819
77079
872440
954463
107089
298331
888246
634728
656776
733444
880236
741749
269674
400051
787584
150552
224655
192751
309885
891151
457314
667987
714714
818893
565866
343467
183765
742712
596088
565601
104472
66810
994623
24843
798476
161045
580723
469348
186144
187339
741839
113625
535470
96952
971607
916442
155826
318441
921183
335025
523117
209913
31450
266009
216399
515917
58835
695353
499674
132903
568159
482071
51643
393779
880785
381149
290394
262368
633129
613629
975039
868257
650182
373515
814543
195575
319253
429978
521993
82495
565297
585428
49254
500658
823983
388867
678084
329523
44266
497633
55630
146230
682248
663844
901518
304190
831224
719044
959248
58090
975874
982226
699007
332371
63525
889914
577915
277889
358702
945362
37175
819927
638903
286941
407047
440831
453996
728068
715008
503265
890354
28698
965891
420733
154454
503626
889893
51407
68741
343160
830567
167722
645092
707436
648617
764611
993404
409405
382285
47758
808815
214623
702758
46478
135402
46380
85937
529819
878833
142226
641691
306034
569185
709785
673108
994323
181636
909578
729758
957148
588471
254609
875530
294930
942551
314451
776559
85698
908601
138853
806440
844575
964785
87140
62442
64301
82327
274911
25832
141557
791597
697577
750941
677555
382171
114692
978828
653686
653393
433616
969114
459024
151751
210815
729580
220616
929952
597760
845807
341350
716991
824884
319531
185864
954078
804144
40590
15787
328001
719387
928918
24445
166676
384478
857794
978055
393574
478156
306069
927710
777191
96351
332126
353046
572891
519099
797806
469840
82656
162179
778821
852892
399430
556781
572236
878808
148208
9492
845307
427074
715663
377762
822557
882116
354423
460986
837295
926823
745760
794229
789412
828798
836614
826728
50225
859948
784560
781027
903800
616063
956733
229044
248446
680598
919336
787247
327670
766521
281953
55958
81794
809649
657562
200198
321336
610171
797208
651935
555975
170643
139217
97927
117791
355573
497202
36023
245431
958269
677731
326434
789608
84570
648873
401699
761104
124130
597765
711657
40139
590644
612050
84286
650620
753339
18503
802438
293764
377788
954961
656213
216919
112385
181050
455471
299547
429127
490346
780040
483323
419375
640596
78500
409144
738828
922424
569431
212891
136694
25994
9068
529475
849410
150962
568492
60239
253716
388370
844933
3193
770868
421832
895539
538172
197661
667250
594011
998290
427577
35568
88642
436191
779876
268587
407005
598801
20843
593052
105528
80399
886737
749656
587843
943408
437750
819146
378817
37503
391545
521200
378371
259144
678298
743437
833021
294600
589457
906521
21274
998964
914229
748983
818878
444862
327090
926900
158057
175738
268265
875514
440592
307709
915475
524847
470195
246680
994308
817937
712384
258908
325826
688988
879353
188985
658195
313330
686548
18592
392686
492589
197767
50088
998343
249653
988672
379822
17717
182203
500014
834394
88431
387601
50517
974168
422093
627000
412275
819546
400279
946154
26388
768568
703212
372158
116134
753835
969515
683886
150273
845374
487517
435595
309170
277567
143702
89025
557639
804590
472941
961458
355426
471583
214150
485120
804474
612019
778170
489085
708212
3922
383033
491072
948583
364115
657214
534554
173369
897989
64225
902955
215246
505339
926748
386201
932080
107088
405580
52636
57613
772540
684928
908153
718901
203836
164082
263630
781795
185166
752753
949716
377168
552569
444256
906114
1396
618699
172540
170633
667996
731263
748742
410827
414329
1189
226132
208169
407590
285601
463696
255651
486749
895420
893592
712236
791145
450388
191658
287893
712291
58402
840408
933640
800903
34219
742185
757647
934431
336298
356495
387057
782102
41642
801663
293664
242610
476813
787197
884813
815609
925865
489498
529050
696834
268236
871672
730099
192746
916022
541255
99455
901454
546434
108520
517139
601366
60934
440974
376833
692655
179185
238283
927647
247434
334074
826733
261948
497558
535701
926103
801348
225644
100386
396907
661176
435139
895803
330596
884495
627684
645053
338898
772286
610269
111221
73768
985722
658092
537908
316245
11268
471996
359764
898520
541349
854740
338591
787172
783797
979380
632784
864377
752379
560698
675995
357840
317555
887760
781683
38655
70743
958394
322380
314966
401088
108622
719463
696761
610768
632315
946688
738441
370302
117595
663352
719382
700256
295216
706045
764242
16483
80893
833824
681225
29590
77892
533528
941396
353935
166250
242255
757911
604664
666985
33829
897678
512881
903871
328201
551735
371010
546894
983560
839380
366522
412425
289591
873776
271924
290763
241068
639232
392769
105833
785989
763328
711880
539799
957231
948807
997058
705965
386105
201238
708925
478969
959156
656435
570631
205882
97775
900046
190682
726744
281386
295555
453112
378632
613241
476428
823042
182514
944460
289643
797877
114350
58989
127477
214146
565954
754724
38739
11112
42217
185420
114344
936050
548810
628432
736865
64512
129599
816976
992336
3275
304306
852518
839467
143986
564533
763612
40635
650681
327181
90445
90416
849921
864611
80850
380379
799595
76831
191339
365401
645788
160269
253541
276833
325209
812457
710978
976366
8256
756426
380660
552741
535259
932134
678543
4574
624912
786851
542679
739487
818399
181362
265865
558531
319389
531823
372715
463508
504409
649057
734866
498843
971858
637211
474375
529177
845835
947865
945896
73892
874349
235433
828431
913307
788592
608529
751962
672622
391797
549477
477591
300662
360882
197345
816631
475075
167206
856485
506383
479879
829901
813117
697937
130485
637094
358489
835718
253935
946083
985768
602357
823862
257908
999080
260712
601110
539836
871169
634911
258572
583527
193836
745396
406492
211634
303616
340698
606691
843551
894984
777953
964388
798076
526295
677746
802229
359766
831279
878166
449392
67462
251931
450301
808953
581145
149831
194385
363535
637103
741786
185369
227048
77723
816007
47366
877551
79699
118814
717364
460035
513099
802981
618282
332887
348822
188969
576041
771834
128371
390322
392413
557648
891160
483577
2066
756604
195505
287791
822532
909235
874029
833578
667745
623853
280796
217041
457432
852035
699228
781118
365061
995672
667361
412697
643554
948386
414411
492223
880758
284870
727836
141854
246965
168393
573936
20796
962971
384409
708600
842392
502379
911795
701237
763001
240676
690176
897768
153140
354472
771039
432302
595201
430380
475167
633206
617750
445987
619385
477303
131334
555973
412586
201785
58021
155132
747435
88943
183418
17390
138019
852589
732694
493662
381542
363317
746921
730877
850757
435068
606667
57858
862173
269853
474701
356424
48867
85487
830459
387197
871382
686710
117592
662517
786660
729460
217725
598675
360485
714629
921648
824717
917260
251445
437722
888935
747447
668404
977755
892977
817768
904808
813272
518511
958614
335628
226799
173728
338680
784259
64334
147808
433603
597393
755822
830839
864276
897615
81995
899497
333525
582042
13367
258614
807620
815372
857863
486557
284403
842169
609338
219869
884590
510484
222309
717470
232411
395245
641140
170859
867965
798886
749807
607017
279632
242890
780335
262904
745824
132304
644311
317952
253081
82381
523811
908009
348620
85013
344085
415679
810347
370756
544727
540959
75356
695765
452170
962133
163540
892651
50107
961344
783579
913000
845094
237270
813626
502565
435536
338572
518480
194844
551225
613339
337846
859314
389574
590092
99195
101413
106738
28403
827476
409735
137949
461488
216988
975549
324523
602884
380102
664250
95206
367328
170913
549128
778450
785541
163357
254434
605958
563016
943709
571768
900938
113828
967563
26893
86115
469732
987230
719815
845689
162478
823764
303805
133771
313510
799525
611683
97193
889627
336137
486847
170536
761920
517599
261366
168443
253901
543071
273505
726995
228828
529320
841717
564240
505460
295383
492269
636181
401519
859715
896886
767084
691118
22870
576409
797629
955116
172607
369935
842872
833872
722903
428358
648788
718232
487476
123961
141693
177280
601549
456224
822832
660621
894454
354356
132754
432351
817895
750625
984250
442403
307880
134027
537611
367994
76802
836083
207046
487558
282892
850644
812553
357862
388307
433065
121195
592194
503863
865758
46599
214507
311721
210232
640352
102959
169296
172639
775566
987200
489010
448923
545122
705836
442629
361841
790119
978071
111575
144852
928120
286045
86225
225669
326544
281373
234705
421108
916821
204891
930137
887515
376599
341792
599293
222299
573865
839821
131911
368576
870673
356901
194778
885201
765301
716076
290130
616270
833259
455156
288575
974471
574907
898637
859983
82808
372605
268600
669488
226280
353637
994188
554481
41980
759358
890498
407545
947230
256761
851687
44699
575651
752559
428594
923987
278908
437992
236147
675836
14020
552457
19974
388446
967637
823545
201680
895032
274277
842445
402201
433998
235576
417931
293865
495215
781609
704863
143033
584166
170999
758290
312659
960989
366383
379574
790113
983616
272351
291508
289819
877932
537305
825460
977044
530797
22860
927561
254205
208939
870291
985011
97314
57802
185372
678853
12269
47354
30098
271506
130808
25681
948199
202753
138467
823282
889049
402854
132905
157703
280272
569424
649756
530989
221503
464337
812614
934287
576549
983604
564510
734257
894850
295488
241148
553566
112115
967044
294234
535711
459805
171131
33165
502907
53636
797924
719231
85059
964260
401217
216947
903569
676414
168618
587083
475655
450113
399722
975470
164837
575296
469955
968678
673270
622691
390176
809942
763327
159940
43395
771701
943414
292675
753238
411701
167535
546580
496321
165604
479134
320096
175439
47228
839262
710824
467480
212668
23906
575728
915012
761578
374758
230153
622245
216857
776257
410511
750379
887650
727182
421795
361740
935911
68031
710840
31757
173251
410854
36897
874275
506129
963249
776779
16705
986058
61925
493599
299845
567867
767792
802570
602885
811404
900502
184316
219223
579292
499035
354710
875272
123491
523642
272393
203202
385911
638669
885679
695859
872638
724930
48073
789497
15788
960933
242270
766110
105651
407829
471475
822717
143276
897015
319934
514477
218159
790913
475437
741607
415993
510164
565354
808023
416955
667312
168060
938289
138941
484459
664945
640784
262730
537149
899539
219793
154400
731627
43992
298348
672513
699694
589020
940210
536674
948155
607408
50989
13422
373479
960424
317774
268269
75501
905271
432299
717808
749801
636867
971646
857106
247324
446447
673443
636197
198102
14300
132178
970450
591522
875346
421763
990184
250272
744297
960139
765477
977429
660984
823516
615306
816710
880105
122414
877250
578696
11559
796685
27767
893827
363597
419712
828250
483647
280871
516811
139274
385663
957414
669051
321860
242336
411819
123342
599220
815226
85632
402327
369986
922569
347628
258794
955650
941346
191850
283147
827128
437262
643589
830747
781749
206344
324926
142281
21243
124148
293106
464028
878410
745397
96378
43953
598526
734307
446675
652034
443801
711114
293754
904999
106809
313581
522498
833110
643026
749336
803444
701449
715832
650515
85882
50109
325734
715555
703287
74876
712260
328846
798105
613871
797402
538925
691430
67448
863038
83579
84824
660831
465114
593927
910631
361867
189328
804462
433623
194282
763223
694876
292227
905882
468863
454436
249393
997993
952473
426109
562098
914600
676401
979880
581416
734879
591706
564206
603870
706980
239192
324490
692167
352909
136793
868055
491094
405562
849211
8479
544616
33793
467056
75764
35594
559208
142421
997621
256691
689870
683211
155105
901948
98353
93963
359568
859699
695358
209730
627527
604039
413413
710944
519248
373543
642035
925523
651575
436746
669745
11829
433842
567422
144842
584400
835838
172741
896983
109970
749979
309001
569439
865941
195054