517
865
613
853
880
901
611
728
754
688
13
834
242
466
245
48
977
12
966
444
380
276
223
26
878
778
167
100
673
94
935
383
65
537
371
406
618
110
147
321
276
476
681
616
336
770
798
642
61
710
517
769
782
269
15
549
530
30
276
514
975
531
641
17
740
106
169
2
750
480
19
766
646
887
391
459
666
457
355
919
467
848
867
610
121
334
180
807
756
822
932
951
986
968
262
420
803
7
216
618
525
718
161
391
539
18
287
448
636
224
926
452
156
140
257
20
237
195
935
440
397
375
16
543
439
777
603
982
46
367
690
967
185
966
13
922
833
739
614
128
401
947
612
417
509
749
812
881
349
31
437
793
28
862
515
329
983
698
937
878
798
505
302
798
398
129
222
986
437
694
842
819
602
955
123
726
874
354
636
226
573
38
365
741
824
622
495
67
244
428
633
884
662
7
795
818
430
598
15
305
367
556
864
189
78
857
122
734
75
356
565
603
757
762
759
829
877
962
66
750
368
744
620
136
543
433
304
773
454
717
469
429
731
4
915
149
574
564
10
304
221
745
721
951
57
78
618
792
66
246
5
769
204
76
886
613
406
991
57
267
582
744
319
206
996
591
27
454
96
499
580
668
775
429
806
39
244
223
592
919
677
210
763
662
177
799
602
712
191
882
1000
999
225
376
651
218
461
555
353
377
32
756
979
532
500
516
148
632
873
312
305
843
536
529
228
116
928
71
951
781
559
2
628
456
126
996
696
287
661
554
502
733
432
705
713
124
291
969
954
366
605
290
99
289
646
60
803
995
283
618
159
953
961
996
831
946
390
113
756
99
79
36
967
24
974
507
612
330
154
642
880
760
167
711
29
703
781
336
397
758
762
413
458
794
452
394
600
360
115
910
828
973
883
748
718
29
549
479
320
44
366
754
896
361
930
950
970
884
988
894
122
739
722
504
292
583
414
917
183
889
11
157
734
796
778
775
226
455
109
76
994
678
923
503
437
371
318
302
982
162
977
62
34
825
946
740
23
271
809
344
957
650
243
108
551
429
184
588
105
789
948
300
909
396
938
382
939
231
828
53
30
559
444
486
970
227
812
702
199
577
548
96
936
439
692
22
505
829
125
423
745
562
461
241
938
602
751
706
407
122
810
931
482
932
767
890
671
651
474
56
233
239
748
645
535
804
500
111
693
380
346
26
931
894
770
195
383
938
307
19
715
547
351
252
215
349
951
69
861
496
731
801
687
868
949
93
610
338
406
523
248
528
90
855
176
692
646
60
637
630
412
746
341
693
262
122
504
73
282
8
779
892
17
734
68
340
916
567
940
287
68
702
860
293
716
237
533
828
847
912
392
329
294
220
693
933
118
664
616
79
661
121
216
145
454
376
154
644
372
81
173
450
630
743
692
24
922
477
901
457
427
60
77
635
247
864
39
621
537
394
494
112
749
768
217
116
558
653
773
661
39
798
345
484
657
795
97
673
66
895
671
818
634
835
597
385
10
937
107
659
474
376
993
197
729
136
968
269
966
190
15
823
921
337
332
292
306
774
47
65
904
691
110
736
849
575
923
409
143
433
742
589
684
762
435
197
135
300
271
337
324
701
613
533
634
657
733
156
720
99
796
176
818
939
980
405
616
996
194
883
445
355
917
711
664
924
378
37
875
52
264
23
950
202
151
767
574
704
908
174
984
128
483
807
553
836
478
152
794
370
300
493
511
172
446
719
480
435
444
545
571
407
118
674
83
425
913
91
909
217
345
962
141
132
791
560
631
182
964
397
174
988
437
762
64
509
779
628
168
499
501
178
215
76
688
351
156
736
264
420
483
308
435
701
728
880
946
952
318
145
797
761
14
763
658
631
694
488
205
35
366
176
626
633
369
29
418
493
804
680
921
71
596
508
894
633
700
533
600
265
458
120
168
871
649
49
595
431
93
624
407
694
377
949
851
95
698
838
827
449
288
669
226
762
89
148
469
604
600
951
520
514
566
349
648
671
751
77
868
784
964
617
865
530
783
453
643
576
538
367
944
333
230
927
581
56
686
311
519
868
467
360
554
750
543
849
474
962
330
231
323
728
497
723
869
443
459
663
923
567
205
438
477
417
923
429
164
686
92
624
637
505
95
482
271
56
2
726
772
221
620
681
771
642
409
296
988
736
344
582
239
777
487
192
953
150
218
209
338
634
190
189
473
677
354
560
728
239
506
576
789
134
909
674
982
881
769
615
950
730
550
458
758
852
366
509
600
320
32
652
303
14
776
358
372
340
156
745
105
980