64841
961637
268593
942838
49818
502647
561531
369132
183581
227865
259655
66472
935451
630606
518992
76902
36143
440771
864945
751076
584928
786831
180898
28509
485286
700771
597705
66463
938980
777782
232638
625613
50046
348026
88777
352682
209006
258677
925427
824598
873832
806398
455042
520279
492055
871780
949649
162753
390932
161545
651868
710985
521196
221072
966249
999324
111011
119907
214734
300587
139162
832911
900982
746217
130622
347725
188796
496111
486201
855332
904713
13020
617940
51958
425449
385261
364877
265254
456373
510388
671922
599814
763010
397280
317442
111225
216134
810611
76017
963278
691483
253100
65915
290495
242436
290861
835673
438918
382367
132684
721572
198146
197930
836686
50811
98230
566108
203024
435007
43911
802925
277283
506215
108379
542615
924679
388128
956674
277393
610615
701806
164811
639405
270850
843420
908455
842357
913969
911380
200344
119383
996675
701865
938505
697520
956703
955181
737542
173200
29417
401171
377041
675075
866037
320449
304321
744736
667684
978170
968204
379052
699991
473992
221262
576569
591593
526395
437793
332925
736711
878439
474338
294080
385495
603892
326596
842990
406935
365529
820131
964572
273269
767458
130625
959681
499601
406897
469169
384962
602188
979114
969472
603200
653664
558472
221116
518492
905088
192824
261660
356483
905312
858750
360590
564936
296465
90897
425895
663438
244560
462168
952342
640247
425093
350286
626851
471182
526746
992745
15202
368676
522866
732019
746826
279544
859164
364302
647346
999885
932950
319115
624686
228648
609247
72149
64856
499714
112999
733668
149956
927738
743623
385198
268576
862812
915938
802051
960175
419266
298987
672731
646811
785864
854629
222991
653450
92735
987224
211121
715013
716599
130389
406122
162034
120192
643827
640242
139782
515804
224609
747625
303893
525463
824711
800266
566863
653815
519768
336994
587405
950622
429828
861935
307133
946303
603600
277223
891941
750466
444643
737911
411126
292608
631068
201689
972004
840796
116503
62463
523807
142620
909857
739694
529485
150043
661912
9604
426651
391202
528773
527700
438612
520174
552532
465581
494819
756804
924385
336595
156655
52789
325488
971696
863862
50275
837401
432722
456772
179886
754675
413271
862648
176854
190123
757832
280760
815062
475625
256115
780815
584654
870665
630419
683388
43459
564154
982380
614264
369385
719815
973649
426155
100435
206765
872234
279991
201981
720557
499324
829517
912253
348857
298727
281115
317861
527393
579975
416487
307727
969934
534123
698000
113321
149013
352429
818822
496099
398385
404259
702001
311320
563322
584067
801991
570176
698033
321613
5768
567376
161411
106678
82717
116444
910797
105656
344248
749994
452271
367579
233786
249904
848474
713346
177283
215502
613503
83329
740871
961071
792063
263291
968570
875608
199733
222687
630223
755623
825180
207805
317877
318068
468079
822437
612201
392761
480774
384989
579201
531881
906164
144179
272407
548058
42178
452837
349865
152865
283375
228502
283403
15890
440077
412236
777311
230205
62717
495679
523421
657030
501006
96331
557976
124893
406244
242980
762979
77785
897905
888541
679014
174982
946213
881007
371307
568516
405035
395991
426368
190453
954622
958061
303831
860211
744505
187914
430984
206536
350035
379199
642821
344148
131342
200012
585037
727669
368673
311572
871117
730827
886200
786319
487383
183924
934447
75556
716519
753651
677408
37841
903450
662754
403159
509381
998032
780313
881351
348988
388918
858653
496291
194520
50376
826622
482350
412417
619137
915535
509218
135633
457219
495373
539691
768635
880000
661114
409641
231788
797937
760592
787410
501442
144978
253855
132840
550347
681199
377737
965707
206580
496169
348689
611730
506527
567569
944462
590647
907335
358991
503497
243846
280454
479986
236992
532978
153688
557898
372043
505142
831729
327888
655331
136464
382313
437641
717574
801311
332701
497567
599964
42590
188982
566409
530548
504396
25855
796703
383237
939093
477397
15873
44951
60728
523133
436199
64128
162265
32832
599424
669448
382089
166366
538265
463064
717730
774296
68329
103088
107761
272699
949532
534868
855666
641296
397512
600917
968151
962124
528924
868425
76993
767343
274363
721667
778903
512871
12330
465258
826701
18131
453868
679225
600211
114879
636114
610503
33261
406054
322720
295103
81075
363550
234933
665216
383193
880414
760948
578747
441408
747075
794724
590847
122461
900805
49542
744086
128188
380618
347834
5582
903680
633467
775812
743419
640642
234433
197756
663546
965094
879713
344082
788842
229897
994130
937692
457341
658042
623803
485752
334029
481098
953351
782197
890965
432792
387957
253407
445755
310048
508456
575342
111910
213362
587168
35312
224400
297310
429697
206405
830588
435192
398879
808546
718811
696871
213792
251746
432042
434231
651150
219448
924064
178411
237811
57779
447025
595970
959221
436619
92331
768577
865891
457078
454704
733362
515828
455393
311282
434005
261164
25832
427193
80113
458695
117305
547792
688448
991294
848026
90083
60903
660382
122798
207930
751510
345925
870935
550458
301688
272914
220842
988518
191509
671994
128286
313204
644102
113429
526607
156077
387422
341792
672694
493135
526269
727849
717856
355049
846018
1253
309414
128811
988129
343870
231934
525928
374754
293390
589390
6815
162352
414498
259651
320876
12045
620205
471809
817400
65604
441332
978680
706374
843568
924504
160190
196031
181696
624009
506069
207812
686324
526257
113709
875816
438782
991682
966713
88255
864677
710253
386944
595356
932488
422495
485074
81596
346289
640298
734408
162663
928012
941754
228998
353714
706482
320499
353142
66591
181235
508234
908902
223544
102187
135765
715047
565771
734591
851817
190609
103733
142628
712010
87759
624290
270962
502807
93677
25149
663976
527184
636139
743741
968440
906273
970508
391193
495126
904920
467584
156759
800660
876894
657310
903255
943923
744002
234489
190459
165546
103515
459190
441392
310015
731068
845047
806401
868205
447878
117736
951071
407662
930312
759981
865627
664617
92914
238298
107498
685551
241726
491587
995818
473722
665753
69254
400947
626501
6152
88396
502477
58164
377650
175302
976127
551638
113651
218976
350028
547821
634354
573833
739412
611945
959261
177066
793943
477505
566885
275870
131637
511662
691564
228107
353170
127655
850035
237614
153365
322116
863370
800089
765488
479553
464480
901700
829623
263312
162264
95143
642660
472324
842806
140099
873148
145951
181976
495256
606270
963654
17442
751409
795967
550548
509432
822329
489016
151351
66129
923838
867474
956418
808947
327259
262808
501810
538165
138607
966322
135055
680884
52634
665373
846987
999957
555668
409264
174404
724921
282353
629505
806247
789803
707880
812001
840630
718316
900743
361073
17741
57609
498679
219595
168107
61602
386425
679577
747044
889686
682191
311956
575500
643139
742864
227926
222136
545703
176319
173409
412150
312927
803989
193674
744138
859247
310541
971538
591532
199369
63557
254611
486432
405034
870370
154572
815439
739070
553135
725031
771867
426644
393288
452171
697818
354748
780999
969495
584737
490285
784714
475702
827535
48563
637103
748214
973479
549602
318893
126563
903985
266020
401618
180313
75443
821719
637950
480184
22394
187943
949366
260706
587283
49691
915317
322717
640264
791376
869531
950204
312884
469106
800420
146960
19554
991501
189235
138115
235855
931735
565560
569365
93138
748535
16198
502828
939447
171767
464615
941124
84323
283196
354795
657046
741817
550810
717119
38431
561412
547781
794615
344259
462585
140277
571963
17064
456943
177097
912311
479259
486909
935446
547022
482480
530895
378913
235168
660088
752946
495263
855002
706970
342102
404797
255665
36328
93169
233149
707307
643666
361667
650589
732905
237100
346465
829508
175380
197554
719385
709523
942089
512040
458566
818613
105488
215150
508725
171350
932468
93204
247618
121481
935771
44700
489071
324234
948768
364453
51279
94344
193015
565829
454558
949529
148344
107774
390352
541400
171719
889106
802369
80771
765945
564982
137798
951648
744172
670315
305479
417180
228891
365949
977324
99525
538148
678135
458831
387252
451815
160100
470917
387203
800925
406017
181206
971913
121089
130849
54925
337181
985178
277016
760229
89005
479319
437161
3663
162122
934743
851092
23505
779970
915806
468693
757551
330755
293634
182841
52061
732081
649835
374489
864666
524108
114013
209933
481340
163399
835670
404288
769710
821603
683279
366596
407556
952957
583760
52927
931214
317098
472484
298647
629402
32597
832327
629887
404739
132749
22123
490083
8864
311943
796178
715961
624745
307986
87497
15100
871535
458
272669
189668
930515
950975
364569
216229
643476
350163
739891
825637
610802
196712
477556
611816
145206
649948
686004
359472
938893
687367
450433
113653
664460
656676
346291
589671
946259
377186
269805
484045
717380
767451
560392
106993
237345
819743
634837
203588
940264
430676
585660
973603
397843
255937
15576
779457
84757
916500
699296
290269
771493
320089
536605
629346
426447
484714
221646
493389
693138
118422
428181
826714
936904
614662
788726
113600
150834
812763
575976
997482
889891
54999
580731
337911
96610
410573
391178
514531
794273
993768
737540
871504
666905
102279
821792
263970
670171
386531
710574
991708
978902
793630
679403
387543
468760
723535
3915
504007
374170
952567
955255
248036
779564
962006
241244
816564
15053
499530
168568
231724
924299
755405
109850
837763
879720
101860
83784
392837
726241
294121
606316
721682
170546
850315
761806
841477
785944
144469
134820
435381
99781
849659
820206
680835
530392
302582
615386
568638
908963
957226
130835
835527
781941
979808
271913
119693
977577
796504
167854
393648
776968
780574
475230
199790
25144
565851
957187
856605
630436
329293
40699
153473
995280
118242
197605
104154
872795
687053
843987
484329
740287
204607
336193
1677
44503
271727
987247
644934
52570
9835
993856
109555
179130
65922
971648
877153
394457
674272
78539
355034
67139
630724
687777
307742
49384
593311
454546
226667
675952
214171
328066
857333
452132
219674
368991
258467
758744
116939
256277
315294
156131
482329
646207
518731
519272
579988
645722
220483
836030
239283
594261
435531
324579
508206
628564
824021
194966
756738
547142
372029
946231
231600
219672
564775
849289
483903
471766
302065
28407
437595
940742
235123
651772
490694
854858
101446
127062
589169
583957
772508
289039
980259
321491
960033
51251
997406
330467
220249
785197
256791
96339
98285
383278
774078
339206
534472
136433
503024
517024
773502
58009
177026
821906
857813
378946
868057
560729
854836
274134
180136
670040
659494
73673
845924
614609
481835
63548
394593
814518
608432
488041
888511
91826
144
697211
50666
109441
882253
311389
665622
652286
986017
226372
152327
240776
684341
231673
413532
833063
571889
809650
322789
848505
187711
206864
780587
174318
955658
292763
137617
560403
985450
228253
201077
641558
242410
461353
482428
687222
67159
727544
163592
975382
285366
998933
883357
421524
723289
854750
898167
118069
370605
265786
186866
526511
941447
858023
284300
57796
283214
261434
529054
322306
249837
160774
616667
925636
97804
10451
129112
459685
475614
945775
655039
661564
852051
674117
288520
196377
838231
421126
616291
823932
805259
527539
220946
405987
213130
607086
556550
813396
721592
215678
695116
359582
299029
661774
684848
107532
555299
230702
493924
885400
422956
654550
597381
31232
704790
761306
479269
972824
564855
652653
550926
436873
858656
196630
605061
783771
679051
813357
122933
261166
707256
531629
877774
506381
756507
691298
620879
223560
783656
159856
729277
177728
575139
4694
569842
779749
470996
208324
485728
99413
870302
787901
4436
650331
194163
825560
141817
368677
806435
717588
413815
404178
323941
721608
394426
521191
183428
299081
221001
918178
53614
624711
806875
13524
93775
513108
493112
102002
133717
636584
46880
894994
859830
61075
358790
115732
274154
939116
442962
837580
678359
627892
46027
795577
41910
393660
969933
434310
923357
935579
709456
64277
256832
714060
748232
474514
949127
946121
643427
558176
297145
966956
352327
841274
582619
842410
218682
879491
962092
934214
115702
934017
778334
496115
879913
908772
814542
204138
341419
741506
328234
226266
71151
503621
183388
511785
731101
354949
729117
330110
243354
703222
60704
364568
199992
947418
296871
265560
663024
950283
528862
229980
912895
692948
827375
95812
88206
103227
77549
302310
751959
289133
384629
437884
339329
302839
202363
915091
355555
824336
106207
605568
4933
893584
326583
874254
6217
280480
288816
825856
660245
221907
459189
345505
710033
917301
885661
919170
16269
199714
616921
414870
10759
443140
234763
497895
168194
149539
557067
897697
173181
718156
664478
906687
797720
692897
547631
195463
615880
148235
494084
445118
732565
162767
126679
933918
336376
709835
589385
880291
639959
322637
220906
878631
841703
133250
786015
299904
819670
154648
263334
652644
223076
71738
558842
684535
225269
907731
89880
86931
708525
146082
633209
260062
178130
475218
94676
23592
506931
69307
814837
682839
242174
968058
563161
322750
533101
74334
787784
279062
324458
619489
58191
695466
944047
640831
882942
509483
270232
339100
893884
975784
219858
770638
405789
428797
620823
94472
645204
268102
741372
83327
693867
286179
40661
261980
744413
258285
227254
320441
745328
908971
597459
449853
97794
788960
925699
536820
854644
974091
971959
512736
412845
573247
528619
306447
601343
367922
49501
500695
956036
283528
168107
814524
229090
653172
380629
118658
409452
951360
373470
79262
801852
18436
961177
19935
660341
853261
618320
923547
641605
868116
797331
331589
451227
699582
674934
520469
489524
840792
237337
865354
782350
839186
200376
309092
426511
660849
759774
67862
873720
388203
103045
279231
595130
240625
311030
575624
671888
604454
992472
773557
455270
164086
759553
635347
45692
286059
485295
761102
338579
940909
410019
617099
471476
655906
60660
116517
337616
807019
477672
797251
274280
591258
99933
747805
44216
378527
227956
646038
645441
159687
989354
998285
516500
281564
830581
292355
81267
980961
260356
350493
134911
874616
979107
679257
909726
626765
141128
775993
385095
414137
213426
915627
801726
146926
134699
794097
117223
1978
433751
65183
606312
1691
670254
420152
406168
484700
615874
174317
888928
5439
43290
729318
603304
518004
985012
229361
955934
427109
829760
702069
299564
291166
120212
293298
203647
388724
216662
302401
952854
971554
188678
120211
182333
496480
379753
370817
191581
646136
77354
301699
518984
324768
192092
146017
300231
142166
707973
6357
710260
622248
42582
165337
230594
986968
283872
38979
389792
691692
59311
348625
622292
515359
168534
947132
216766
745790
303677
353458
330140
146973
921742
960499
516963
351341
327615
163209
109584
293791
563215
415405
446355
683256
915651
70434
778917
259359
396979
124756
599609
213810
687250
520517
188394
474596
339438
926878
907219
427538
226234
300445
225076
441188
261958
727292
976322
243695
964349
967076
101078
289367
29846
488118
561816
271560
425809
436409
755972
753177
790142
348431
145611
860970
760969
158718
399457
72374
576558
550058
342251
461071
497875
767297
445997
309722
994131
49749
899514
609634
933981
17509
124241
640901
954172
455253
65202
711097
334519
900132
283898
339259
179332
450963
487111
150323
412389
846760
570165
768004
899961
139958
931520
418143
265692
575858
137966
525440
616743
480780
53052
156601
193729
508561
222468
821722
299217
880066
675705
279347
686217
90399
277664
878069
683607
613878
368319
825525
362304
198781
802104
889990
810711
486402
903114
752786
193251
993205
594563
979905
569358
948497
393508
402742
649018
96407
836612
736796
127810
485685
583021
166039
355707
365093
848680
542325
9640
298060
746703
948285
434702
523720
608319
399630
522817
37651
452649
846791
652769
139471
233184
455840
956752
397607
888101
425391
243995
452833
573462
400816
819427
458051
254377
760377
190952
160963
428893
538018
977050
329601
985350
409046
500702
493509
657079
874700
604104
442732
53033
970716
519480
614659
23789
334471
645723
174196
436707
811986
835387
479862
994525
60918
364775
306180
56046
314326
37651
481633
987412
628699
914452
845437
530137
642575
18494
776841
219583
910681
609837
74456
662385
857466
238833
419832
572390
45560
729072
583241
749190
382641
817471
520973
724545
468738
891847
978033
374895
829353
801779
971687
327482
882466
154271
84130
225179
570915
626278
161980
623251
91675
864670
758374
349923
93524
824078
891821
341378
738231
413439
93211
324504
552880
397159
7059
603248
831364
783522
32979
170212
470527
810991
16911
78127
585880
155765
634440
917965
219215
336582
187490
57516
491933
157291
357847
531642
441971
376373
914660
336588
803701
730678
420584
18058
379687
321211
814299
12907
392348
645843
55757
252034
911888
49051
596754
97999
294915
356888
839542
793031
282714
96112
383776
341812
205242
944624
698827
451661
306581
638139
571522
624699
901868
319659
91893
961320
818699
794010
259138
324331
435273
77606
520027
994269
743129
914538
295809
480121
419226
971177
522075
184101
356790
957757
373131
268699
621561
969313
872874
222623
487300
551223
795615
720099
282852
920400
57866
956643
747387
340681
534641
725420
505381
956167
530965
16218
876657
960264
135130
335553
943291
976958
965580
804822
678947
765258
47097
728609
655503
132597
40783
53981
965702
915941
772564
438827
185755
793106
135475
420846
90553
688258
632950
249437
964830
800271
118959
589954
849515
157007
890978
879156
805059
375134
328522
454642
762073
745973
833153
415140
442666
845365
169758
35992
385297
501996
308435
260980
130950
900596
326283
3346
515181
811042
534711
979155
1444
372074
252401
542722
9278
543212
998266
177178
244888
474836
294756
278408
600096
48545
569301
342396
618624
694998
632925
964884
473905
25732
846873
391258
55242
802305
331627
761223
836768
209461
814096
19682
896719
658067
372153
776227
894961
157363
738326
929730
738361
622198
17957
374173
777452
702261
35475
374639
409685
334793
347299
576235
123121
310609
447463
549348
810481
510401
355975
798804
79043
310459
826872
195025
932656
159840
566163
737172
340016
402848
191866
470316
75742
521413
920443
668420
916990
568720
136774
971803
99518
907071
683611
271533
59095
983000
210067
872936
718852
788428
288968
597239
242560
145925
547432
76206
746579
116200
386471
185968
220046
79363
213058
26441
735468
76844
283212
739461
49015
238370
752608
936130
742634
600784
656737
892493
101171
597420
69312
675254
304702
220477
615657
780842
189190
141036
566192
903489
935515
496903
855743
663953
216746
980499
794805
336629
713540
895723
532024
958936
332940
299874
130218
396606
763396
277934
37053
901202
729380
530711
277141
747481
991969
118778
893618
341320
504709
664021
894562
511214
17974
871746
79017
334948
501887
411664
124181
17688
711750
853538
900104
878782
108480
973519
713606
331774
804537
272186
45763
99341
269314
383219
457882
515421
999281
804373
831771
489839
727067
252811
14103
237621
354139
823620
57005
727098
329464
691583
899252
822797
653898
408344
321901
623860
972472
388236
560588
668347
636936
101535
971147
477359
613927
510801
459419
127151
370829
933278
432073
389329
727223
672610
641726
490020
343263
822028
618530
636522
382768
842657
416716
610682
794067
281279
911835
23650
401960
171125
709924
96307
960965
496468
721124
338931
426602
710651
892706
915602
269558
24260
28013
144190
126462
425576
196695
478037
630255
824923
973160
646919
955031
584591
465725
98308
467422
165951
766185
248113
182021
882771
462887
194608
81310
972213
276560
503902
403961
630922
100874
104900
741979
847334
269127
802318
478051
903286
184066
679135
470088
991701
386423
661662
577044
256476
335313
255048
947635
670862
442349
915872
246767
984520
478578
922615
282108
133144
684267
233678
65410
685525
818733
786518
674874
82831
951269
249165
648350
474603
562085
6563
126456
623042
431907
512299
841198
14314
671979
244658
504993
937577
936718
161020
268276
640573
413906
359742
568145
428245
900512
835572
13732
591041
473060
348077
362078
764783
47164
592825
776795
660230
492325
782385
417494
352
140658
176338
762828
68742
138154
453355
871623
441232
245871
706003
256690
944030
296025
798413
209978
179938
983087
629552
315261
234125
711047
274580
318758
574348
60008
858448
536073
217557
603444
874444
329835
418471
838266
355354
994970
308923
221627
602548
981972
220433
227778
970199
419310
715711
570230
621489
728504
587070
418790
558362
233157
905029
473818
996489
112353
200060
654245
970370
992346
525202
704889
485383
825381
809162
879916
92246
256429
256107
251334
852356
993331
998367
553309
741286
586333
379962
412994
274482
720945
221870
218019
611372
132715
688307
931210
454942
960213
33703
339792
160598
241603
30762
179135
453559
646889
423577
521429
645278
91525
814012
120782
746322
149000
788266
789018
635111
980653
775067
397496
780517
700533
944312
35291
444783
185683
971080
589769
835128
572624
49796
953966
958184
378704
377888
178954
872587
930203
701162
448547
283163
882349
282281
415596
131425
31495
673712
629222
35118
844989
799796
414732
806714
655851
471422
694040
150032
157219
818611
250757
427776
68948
155277
129778
645748
346699
131964
201575
493057
712793
274191
592419
216599
718704
511793
411173
678555
40074
733322
306415
88495
137402
528663
250400
51603
758317
936360
771912
246145
566650
69740
476819
852639
305078
315372
489403
597985
447783
729725
351215
290204
91712
467944
542904
385118
246620
622485
991380
313435
444684
395205
318599
853537
221707
890963
731317
393585
214603
920368
893310
418792
762152
395626
239956
718913
143983
534335
847713
561688
56620
931525
838263
678483
600721
426031
751740
999251
11169
845107
580662
429402
814226
404798
439199
848082
37714
764725
984343
594682
772094
137322
657615
96899
11937
559046
245114
112231
247973
454174
563225
151285
747316
230755
800597
530021
726847
488023
708639
895731
218879
246005
788380
505241
341389
681750
34069
380740
798874
205328
457427
371426
199563
667512
289629
90408
75720
402171
422536
562789
537085
318289
425912
621903
398253
370912
728001
49549
652169
12894
606163
51975
177635
20680
486541
587224
631403
395482
143899
999353
6907
729542
241971
336518
247390
645118
525953
925289
417785
257367
713597
258869
194966
937502
883894
648203
797803
485459
285695
691747
301649
381996
536257
375682
615771
728265
885152
884784
26205
287348
771786
16730
554020
668539
479574
432812
442960
510625
868040
644916
989955
877905
78137
848454
581690
63619
625874
809784
669136
617697
93529
943295
424298
453093
376803
686931
927886
441732
584561
592398
752271
617818
201437
408465
737015
162507
159783
721249
377612
576915
280892
671903
97824
827153
517258
185569
702272
439981
399693
920993
87523
601414
987932
392630
167313
711342
494824
508858
875395
351681
342330
77899
327817
383929
4810
859978
833273
128739
698048
919785
709723
266890
975600
206939
148961
803396
421493
481409
26892
268313
993250
675630
118489
458014
16092
508277
361904
134306
408325
888872
650679
322276
386544
44608
456790
677544
706728
528672
464784
757494
448398
220438
912378
925302
988961
603579
713938
515427
560178
452902
500206
39905
418371
792467
676016
70714
580572
27613
402379
941364
495959
240605
213740
318500
128689
987298
166871
942169
218199
32581
723730
833618
948421
694386
623747
107848
377155
34869
305491
733305
43216
82047
825346
363215
73298
786201
448754
774186
907422
238833
570527
482288
72150
89421
827916
179865
759325
814122
28746
70381
319791
248540
320842
234608
258285
599028
420661
947380
701779
552468
108311
732226
718122
150973
364655
958815
902676
754870
810525
512348
630560
529211
928956
205015
536845
581953
797634
313306
550368
199536
754043
615669
34292
488906
673050
216387
420697
510442
711545
685610
550986
655881
44319
787817
670029
216124
604024
525317
387198
782118
936747
70590
826227
878920
622165
459944
206442
809316
789419
931492
113992
839061
188301
426316
881093
911540
150849
304374
70042
161961
519455
568386
984252
639468
3535
919297
477932
485871
332581
804213
248808
262063
284240
571333
742047
241513
5024
136272
913270
368191
587890
397490
183010
447797
394883
129222
617322
83940
681200
450691
873139
813718
148552
74935
718638
5333
751559
70350
468317
26746
990010
243996
42539
18906
524001
637823
805875
718301
895381
889091
242754
59410
939677
921923
504984
320327
775461
664625
813145
521665
293927
742731
339279
341820
191820
723102
836626
271670
685609
990700
811515
623273
562671
733080
989563
917118
998123
279711
713756
714571
314875
528612
758625
678008
386326
633176
285743
985562
119378
42451
253528
946819
849276
445482
483041
590437
611406
20297
19072
98346
181443
836247
833527
675710
149623
396509
862858
542851
40803
625219
570059
144591
943521
649267
566097
185461
344110
955210
961567
166383
999900
226655
578718
101099
193047
830936
40773
201530
859410
496673
780834
434532
768598
656783
968773
867086
233497
804304
900550
589749
132948
322597
571829
29814
255945
91234
589270
794810
518155
329347
432799
713521
249487
752806
81461
106831
453046
847760
163810
634076
369199
768905
589802
122125
482959
350559
559356
690178
548975
335557
8641
189999
531599
151310
551572
243204
607763
85541
553250
461075
5242
737604
581591
87426
524226
960363
312242
807910
416154
373651
196140
169359
433649
784762
268859
97297
961633
566081
784635
978202
831539
993891
305350
520795
688525
354352
713205
622073
172823
117603
686728
298077
529851
51951
5639
437158
893244
594604
575074
236811
5747
373412
910763
693140
548013
590938
691965
508391
468143
828580
283700
865511
601671
537964
28519
787718
573480
329471
323593
654150
965413
248956
70627
334073
717792
157359
43557
47844
815305
891287
931692
869243
425442
356487
851565
877216
170764
209313
479560
647260
682917
580829
399402
694964
762861
984497
841547
115739
55392
168325
110662
461380
454877
520239
265653
131030
925122
541024
455212
391881
607182
429970
625031
444156
358522
620683
991520
306901
809518
739913
503580
775473
165797
642490
83823
830041
602728
76432
438257
611187
445686
81867
137614
822662
866791
791415
391499
440397
930064
235006
674670
963140
841878
190697
277448
700078
721459
302525
710111
930081
912238
461490
171279
899860
628235
447725
993882
520064
733928
184788
297583
876558
853706
714744
494298
270125
765576
40077
83438
262757
863176
69618
515833
279903
344398
998011
510440
358990
688297
430345
4679
817102
282458
125238
316616
592522
989234
862760
86260
720245
41474
998027
532198
309693
809682
186857
231468
753259
529712
919135
784183
646211
711871
132762
68935
975923
838822
115556
483150
668981
932606
925683
695455
452311
204967
549199
812216
423504
792708
977221
261870
220878
700426
919809
765440
651322
181382
242578
493627
644957
345579
930241
539956
626736
344893
324684
57377
636074
247165
901040
616606
702473
732805
166678
277786
880432
765295
798032
342346
328869
159764
65670
213061
366429
475442
570416
982254
846364
604928
833832
446116
919153
632054
516904
273995
625353
285164
942590
806789
688563
588648
575763
208135
507518
446059
186066
325111
787379
21877
701166
422539
927574
592261
431757
664609
410886
243362
365800
453472
705677
426891
570531
482057
27779
895181
252147
2329
458809
426332
267748
133526
248739
97956
714352
342683
204365
36751
634074
94045
643048
377278
706135
500847
446413
842312
995044
959198
843871
696973
639080
92527
894079
498240
758434
888031
440787
547537
56633
212475
600402
731905
305037
532321
693534
182783
789802
365640
930145
612299
2741
290726
339963
53767
8094
248969
109789
761525
191347
124478
797147
253039
195761
215461
752980
320891
543849
678184
703659
344304
539557
867502
40218
797898
490067
697638
821291
989333
617376
670565
737543
3213
954977
841237
880023
85802
386629
327628
960295
109474
975781
904275
134093
862270
10970
143111
339173
853552
584148
899886
965274
447491
451146
833051
15959
952614
432629
555338
938344
973015
785544
459721
171642
838739
641276
878371
16592
104305
23415
742089
857521
41011
55224
213273
137024
143201
139665
744008
203371
915414
199388
312188
162724
81181
499492
82830
909325
690749
686730
7302
74534
963158
333071
327147
569319
999395
483253
826107
354140
233921
921668
832250
602479
211950
874064
433633
587038
922596
119623
848126
878848
166187
381642
301717
337284
874375
964265
833150
718011
302996
206312
94023
205835
386233
934528
301419
141942
854163
473805
430332
810359
599924
962773
660367
149948
824060
581247
658779
288683
227867
775076
245081
892312
969721
8037
563085
200089
433902
476395
513431
185128
633913
116690
928692
745064
982701
945450
347680
56612
271024
954266
79515
65086
21372
132343
929382
649658
564908
711035
168644
607884
902316
682317
959718
719441
13249
834325
830780
145420
68186
894824
723956
153091
740658
564802
978960
536797
276155
268389
912811
659729
588534
340289
226405
596161
130883
52618
110035
323268
401120
918797
451164
844395
616838
559995
592454
838656
670751
594569
574559
890175
761980
246991
131887
981313
739057
789514
692560
325040
621737
281867
381303
889288
775552
122430
437426
460329
275488
317344
521669
529002
161785
301185
47851
980818
80672
352329
900026
649693
645175
15806
490326
632603
671775
641861
437767
102694
483763
658779
412485
680701
902377
970422
638689
41777
634682
230007
603429
314298
654712
798982
433515
388313
959907
937331
32347
203710
381225
548359
982520
612424
686477
511841
672269
725123
677643
134245
160883
473805
736881
997558
16508
683740
13679
521767
17755
158708
216793
967375
340750
606865
752783
207893
379883
37475
731753
166523
534934
974643
166533
237133
431711
28328
791831
762708
223815
192087
832360
631150
824490
510736
876969
930920
181877
454986
487794
141032
455262
683109
871972
336336
918602
969626
650735
306556
877765
860210
497519
700541
447389
433005
187397
165966
160418
626942
661727
298858
256741
370975
33511
393208
393243
775571
963474
546708
180156
963579
781815
497599
309169
933151
543425
866199
608143
280577
899612
486075
827632
927925
464353
536576
932248
738547
806339
297115
356741
705076
336657
710740
801083
976369
289536
370053
451933
680431
354456
356557
834181
140088
210913
890387
558658
755712
953367
936847
930407
219925
756868
155328
88732
740415
651846
672327
834099
398075
33515
375334
337221
853639
352387
918080
189069
838169
842096
542584
267907
171311
715189
245635
107991
582841
903120
593300
882032
418234
21540
447482
393293
123719
745813
618938
465674
963899
561311
29214
766966
80512
823097
137449
827229
968696
471956
688239
87640
139394
336552
362548
935371
950313
1770
20465
182652
644122
946812
47539
879196
886526
778038
921117
709259
503534
885205
97676
285183
473029
411528
533114
24308
316723
255645
962277
149462
271215
427719
258963
479144
164781
587612
642177
877287
984956
942576
540075
352516
205705
680447
176840
66880
58660
396623
709081
431329
507887
258445
562168
72531
939051
100374
510493
61454
208060
987010
28421
822014
590329
959038
533888
828813
635770
746047
270562
253604
167048
675641
956767
988241
955852
556733
938594
947397
837634
487783
626581
336015
646833
38390
266988
795007
65674
427072
29392
776826
993754
835810
317187
430199
702986
668111
410118
753713
8817
637601
759587
104065
619283
871311
314032
124171
283778
736980
986967
527483
317071
118770
315053
349164
321908
230898
37079
337728
203738
521482
389377
863354
179015
929900
547717
991696
432834
494512
513863
483078
863746
589781
720877
887447
7188
163662
678370
387322
877596
416422
704887
514535
199409
373744
669733
74547
496867
812118
821847
251425
204971
846040
570745
414964
158257
871326
308280
351594
863412
238930
669151
533867
933987
163614
168189
648129
568623
466637
859670
742153
429731
23303
941259
607947
12438
542960
524906
604496
171961
172205
23209
170300
854570
581946
660564
380268
241132
262823
798283
559950
943889
601676
196620
491406
143035
402388
585189
315831
254875
837628
621614
370005
984118
293802
246445
711154
937533
77680
334041
524894
368440
877582
770262
152502
785722
264731
759997
249686
782092
720634
583711
323774
453341
793231
430875
669090
468375
331987
898894
27285
659721
528820
373970
566513
906180
212249
434919
896935
902221
307130
326770
937601
693540
91156
848562
500176
36974
882162
741007
931461
825190
73347
815081
961694
965923
770853
349799
289139
919098
213187
680217
834534
567742
163780
140945
67334
433864
907927
583717
548929
247280
986192
482216
265913
595671
480153
512221
548113
64364
554141
882885
950509
787352
412788
452528
413770
324792
845920
627646
558917
853104
979234
304260
93339
110452
815445
28467
738987
6560
90123
354272
663909
488258
510388
953901
758799
362302
651137
575585
701930
283592
5531
636155
158955
368481
723540
302727
993206
311033
507623
25107
472375
250587
455338
572312
3111
756163
970361
243887
841113
745816
455561
88198
766696
322154
53348
985085
440228
814003
598085
421278
187557
413083
310276
15704
268126
486504
256124
901208
259929
795481
816760
573554
434621
725356
98852
367884
691207
339470
805741
264441
921359
222935
142357
875959
525509
491224
317274
912638
528066
404179
748927
24825
51335
473893
17948
93002
429839
335855
766654
73707
645575
403483
805304
366138
470834
726840
332256
192741
148856
159922
846596
835732
721011
897618
930307
876518
357470
335248
752871
107367
912086
378061
204230
205919
861131
674031
428630
725098
175938
543387
765303
902327
120927
282412
991985
707962
749612
736379
369313
742545
131650
894534
170918
809315
882880
910177
505477
887106
933730
331961
711321
891764
325578
979751
129505
474704
729568
237513
141505
260406
635062
779044
332417
593570
582619
627309
314780
400062
291128
442707
751854
528932
731186
124781
768892
142606
814531
663319
770025
183816
754593
526720
73813
377564
954863
299656
471174
394377
529789
480886
187723
298967
631039
547047
271785
290610
425974
981073
482086
20966
200339
644501
104943
35530
507677
116606
443886
864902
549114
569947
803878
779988
981244
460278
99809
354414
262013
960903
988099
742681
582308
96188
762767
671810
204307
878687
66326
690134
445483
731358
731530
583587
409438
656644
216420
446787
752673
944989
80767
84834
103192
634925
477306
351800
61456
669560
663382
735262
757068
230734
673861
11914
422131
31329
443543
120750
329119
984390
946623
71996
751132
104252
210428
541943
274537
825357
54720
836001
555680
344364
121507
356039
479930
416940
172485
595153
173164
515564
605910
40638
331021
77795
729562
390081
807326
904153
285019
164503
322910
446216
539209
833419
149327
810468
566885
475796
908416
316757
524814
372061
282944
23688
961496
357747
389202
161437
472689
978675
199250
344087
512833
26697
134713
878930
48274
850459
708071
470242
484306
241287
304325
881271
886905
364009
219233
626374
447544
826281
101821
477483
898275
814703
847875
954128
271948
48250
263003
42032
307756
98164
598573
168925
619138
822655
522655
789933
872202
613909
355321
857624
520924
789873
609052
182653
830190
145243
504299
796870
53778
283014
544992
182083
653350
965257
379504
722142
942687
820498
783089
782781
107679
867240
386301
580018
970204
872746
390282
32248
511084
454196
306348
667865
958390
505523
703715
44252
509561
527085
815473
213129
936431
407616
512131
788195
230532
754812
336199
76673
605340
674092
409677
769242
624160
487246
667385
557187
389852
680665
913208
832724
402728
106587
540203
817509
503945
324757
687220
980695
503679
827182
861636
510031
499656
949273
101342
575250
548216
665068
227272
923489
704268
693483
14517
382177
954220
831617
14863
753381
472878
684353
467829
366969
273475
49587
962487
134659
228840
446636
520572
955634
922865
183178
467346
953508
485311
44074
321358
103803
819980
981197
784483
285814
227366
51638
883282
477232
308203
493322
827566
27369
975426
186078
374798
398172
553708
555838
57487
363144
700312
126855
889384
590356
144041
923880
244696
61195
716196
660401
654958
686315
291947
466629
994222
993813
753703
662742
857820
335843
579379
721462
396924
764818
843014
521346
713417
695273
820057
626262
314856
916555
407619
508091
9131
997630
299319
637102
782600
765305
245695
249893
875883
621916
866426
974309
846950
498495
45604
466069
281435
990959
205301
462626
859965
690969
696105
589273
359541
922393
330108
732260
89156
926449
660861
843212
413936
827199
531988
642724
180180
709091
212079
28732
726040
786872
747225
316714
187828
987018
824782
913891
525246
454245
344720
750002
416113
900668
278503
624267
783629
550680
893010
447476
464995
478732
871848
854907
815170
631657
944327
115873
367626
273937
222138
714574
720274
697987
908076
429076
696372
453087
459314
946044
800028
122219
260288
565708
936617
848862
795915
962705
92298
411070
445680
867038
670682
998540
386781
658045
188092
279901
542289
749252
469623
302371
894884
769771
687067
128895
676188
555594
77659
931079
857982
377537
955246
122070
818698
432003
985030
757031
43812
247631
651572
609553
337681
155026
77837
742007
484817
856760
199963
231826
30247
556949
294190
650877
967967
266693
531848
153748
287608
952054
46196
585727
212841
23332
271750
66606
296944
466235
238510
993787
983058
681252
488057
601984
960736
865562
163138
766318
58556
90958
848553
201594
902823
232076
688520
642376
160032
427139
168850
495322
47162
597600
49798
443567
479131
693706
414080
582215
662694
724866
566697
238859
753914
522583
624163
687102
68341
292978
728520
845233
474259
693258
660525
523536
314298
947199
331592
935346
311813
899179
972677
544477
674809
268774
977099
693172
845987
879340
542511
113383
390086
694563
720051
454534
127581
485629
205593
128116
303832
949377
19532
838421
859761
879114
957222
312025
841446
33423
639390
188042
258884
837984
973811
77887
567362
500649
810827
335607
177868
401810
507812
86147
784227
944949
130167
887799
696322
542720
618320
899427
397304
583541
659931
599816
86110
164775
743544
615354
727549
26624
569645
450286
344182
532229
360143
476306
814492
986654
979100
12753
803992
436218
512216
360045
926573
584721
208698
850051
739226
940002
418759
394266
115528
237052
469588
404923
333736
4173
359800
743290
796576
423439
49307
570244
471931
879995
704467
841535
959551
346546
978278
363747
949861
183024
477259
535058
330001
827872
284264
400223
702907
17562
83554
930559
62115
305141
286046
576204
240484
573235
572233
667054
264500
771920
958992
622519
535803
644534
868767
914386
260563
861162
793880
720074
923097
151853
468747
145729
931574
63556
650977
1868
351576
262648
503073
570541
628643
93534
213600
398097
56457
356254
206985
411284
938841
543996
873667
178442
416093
101461
750131
91242
115059
12380
619437
242753
909700
833074
297097
183551
265566
153963
66582
242302
676812
884524
791941
18870
550731
66793
401697
583946
60400
711337
629471
573841
281773
947
481850
297589
907211
367751
341503
299946
491924
71555
93801
193061
663815
529379
334086
982385
873310
145852
96920
771418
470250
987000
995585
949064
867320
958959
329235
790830
802349
932847
319568
608084
874904
46297
310236
15511
400594
982639
870933
256405
835448
240707
350704
242533
722117
484154
716887
841297
718098
573209
676951
423951
7689
90348
889629
820169
99059
97143
686095
740901
889968
235615
25998
136532
528728
387177
347733
462968
993966
905436
790974
763050
400809
226909
423818
706669
529658
732314
66364
991556
600118
863076
762910
326450
896404
341835
758321
946100
851344
321038
406376
100761
958826
737269
631958
466260
237338
98424
700647
865031
947081
860088
428701
285594
164638
976989
564435
551333
250497
720895
272505
401109
107821
897986
726653
430532
401223
997860
73818
521055
488461
356510
438036
342233
560856
15537
964818
2488
971291
754516
664206
916739
914304
485750
385008
537319
657377
34011
462540
557050
645632
895552
921332
676638
105627
522168
836168
423861
415264
876285
930192
522164
695166
769912
597294
782145
216818
800415
608413
100923
590213
346790
509147
832817
888787
451008
524358
687302
720114
820803
90036
760614
454674
224240
38294
44544
294745
291645
781260
905156
585265
651499
642789
126761
271450
128624
581213
617300
56976
559736
321469
238418
246706
33012
783702
783336
196715
646101
954974
932423
538906
814380
830779
591748
459181
173393
434360
459286
454400
454237
437755
305820
838008
143427
161836
290015
257565
83022
679411
95801
320883
909391
49201
894973
192928
94594
202455
198111
77650
36968
356589
204065
526400
42631
464283
555294
717392
364978
428539
107993
224824
330517
251552
504711
781393
289866
336473
884625
61581
369852
988226
184828
242262
210425
60143
195314
890381
266265
344021
94532
134749
742609
582874
280386
40324
146783
558642
448901
711482
148710
594701
544280
812719
960320
296351
642920
302865
56198
682513
474865
74781
741684
505962
273355
147185
581456
70441
435407
385032
591111
160492
144677
320277
428107
121108
401541
109787
989546
994263
94091
229548
959874
625948
113224
982249
959537
694178
835877
528538
918494
352781
738109
75160
468955
706882
609248
968967
927366
75566
946035
344521
59325
157130
462773
984586
406962
755529
306470
750893
989787
427928
798913
95410
326201
522485
718604
475255
924519
438591
858226
331606
400485
428974
419559
943316
118096
428811
108805
851256
889761
213739
429128
520259
279488
993366
78521
488294
275679
653767
12493
402609
830753
573050
842789
670888
653041
680457
285093
964112
866935
789800
934101
86962
98269
351652
899910
293691
710535
127652
991803
772328
363959
220006
149171
872776
328372
840837
267512
142425
591553
452397
745417
160678
263422
769988
403412
802346
716241
749335
117213
303164
607134
341269
385252
919820
216439
754643
489858
362993
278772
943689
650734
491240
128160
665508
503669
839741
146274
625852
83235
596202
234191
427102
23120
970237
816489
432925
780706
696852
798306
279057
831935
743709
705158
932080
222926
339064
726572
949112
338504
140197
970408
257128
831799
659284
833648
557934
452895
526467
843422
82228
213758
183763
649580
499269
947327
651859
118751
911641
59850
643369
98147
331792
499942
508007
455933
693802
378858
577980
853155
147227
344880
145441
886048
240035
646614
740439
468247
956319
191307
807281
267222
921989
680093
87136
815796
956097
651965
865823
149033
355068
501494
505840
609006
878369
591383
709987
190025
803988
565197
542969
456565
523606
658412
882044
626033
652310
819684
739453
977104
706860
88515
957708
887715
178763
34998
743798
48211
487876
52546
608781
90419
357861
303673
722782
442925
981687
80314
706312
471707
648420
714339
261645
836576
225581
158859
533538
113971
649536
703801
552041
881016
469644
523298
209010
942131
484900
483384
767623
491045
605578
566593
626142
447938
973454
644852
594878
885764
880016
196690
123114
102995
775981
746746
695386
63305
578916
440906
334534
160508
655960
994515
955820
563447
986353
599679
974278
640831
514434
573225
33532
799686
638765
225313
441846
882509
63607
873696
98301
70939
828446
1086
627337
948885
345955
194231
726447
837085
347960
745689
954270
632309
299083
623195
164194
84861
977736
583294
167414
277236
245357
982374
427423
660664
24142
391642
931860
86074
96137
137358
465528
261847
784083
217330
132904
628849
8475
360089
675430
153662
307416
123903
109802
718117
905775
131424
552408
499964
320371
576368
574196
662123
826025
115673
232764
283704
303394
543420
40439
304879
924784
98202
546324
626125
418350
353110
955880
133718
858843
102981
721783
838420
54390
885195
982170
335477
657713
745882
59238
250679
386690
649842
34686
605362
463335
297724
224403
517601
442499
491042
744152
630674
935692
386252
762694
900603
645379
682401
575664
589022
904074
734777
104757
146282
192187
85123
683886
710540
173940
351800
811966
187984
108997
601938
745247
375922
284455
303400
941404
29763
438086
125389
228665
363449
488469
860121
739301
729761
534256
229886
793909
123392
227791
609107
988703
27820
675845
393008
41273
804995
220793
401762
985229
81023
794214
355231
824879
725474
888314
264671
690947
809719
231059
603927
817946
910670
594001
96095
816852
734045
300530
61074
972638
477870
587001
827924
378035
173920
597298
433480
123792
233748
811165
679534
1024
98575
912980
606693
303157
905189
493218
965713
162207
975110
597285
423818
864047
579707
963184
764929
115737
939784
898184
868846
737457
739129
141196
774035
294448
269426
393057
190438
408844
82443
366264
339758
334717
563689
243417
734160
39114
443229
73459
915130
182160
941732
705636
425727
560838
866754
779211
511812
477805
217944
666215
422713
823
244897
685165
472924
733483
21169
851734
413541
896651
640211
646842
105732
575346
528677
585387
169877
688570
692329
395277
686383
206702
393908
84239
7131
55779
262012
167012
220383
981874
648060
310574
520069
405615
826762
200605
276794
863246
655003
270923
722847
134908
537756
814742
877816
349024
644558
971992
797060
346460
932080
617820
447291
495774
427104
455079
955975
262553
875255
464236
606279
144322
684565
852169
317590
377661
346498
458983
187196
833808
11882
15806
399658
72339
746658
369084
142446
543034
580019
809837
202317
671164
946926
518095
663352
149520
691944
783454
100728
372594
91060
599928
636160
6932
152068
178109
715102
338418
902933
35494
901792
143423
27234
15689
384787
319301
867842
272142
924349
156629
943763
88181
493590
538821
851796
967795
780401
858658
202957
204180
735761
164056
989660
323998
760137
277051
915278
614528
750313
694374
164900
944288
615768
719242
731102
712826
936918
3669
301812
475515
424275
108748
530186
181024
59212
347831
471316
244514
596465
511529
78228
326364
258752
105887
104172
801976
632663
541654
617086
955078
268215
901880
851409
463923
144093
163797
531391
669948
384176
800598
427058
844844
909069
537272
73615
456982
434432
732232
713483
938145
333341
242798
255794
617996
315283
832989
66311
80670
475794
589149
825157
104714
256132
647320
466030
375301
676310
279576
942151
698018
137648
753800
556821
937691
13889
53167
40283
234534
637893
932312
649766
538683
984191
641378
674425
924033
942080
798887
289653
891642
264332
134331
882623
72719
910740
325540
104811
860151
151350
389893
833989
603613
616157
766078
958335
718425
7634
69029
612979
488919
450206
764168
499181
74880
916908
908629
693077
122402
521489
685551
875469
537178
105567
505512
989627
355680
940765
627867
837099
629847
425963
241260
450673
619562
873590
384257
884429
833293
390562
991006
20425
183469
933980
679285
757781
374616
365955
217331
939408
520256
928898
315228
6115
598791
665249
609938
867535
24120
793579
790827
781713
56890
352237
584824
497997
76383
656310
976631
218729
407941
743453
994342
356139
581691
448926
947599
789368
302587
542746
443479
566285
321841
788641
407761
541470
308361
261657
157712
415667
103191
474847
330267
855011
567097
700036
636043
441320
407492
521539
286383
353490
564076
269908
1612
568720
957280
552912
772255
552422
461833
906916
451327
947790
613418
720458
533466
925521
464064
19936
308132
909428
39644
672157
166676
378948
868829
664706
612091
587705
900647
822649
885491
774294
145589
907597
678743
392026
438623
729565
35540
803870
489771
615983
641379
696615
47612
103459
595894
229944
421465
139167
362722
757003
988374
523001
238886
182963
539140
154874
186426
562753
159165
957659
785897
189749
147541
666933
235708
366332
482682
428461
851686
367674
664215
266915
949324
532808
23109
806286
17410
840375
793122
447968
951081
758332
559046
895258
889358
573302
132113
756878
313588
32679
758589
976827
870547
761759
310024
106466
346610
580191
554165
524656
319501
970604
638228
327533
124523
259768
591247
712948
746872
104013
125117
57025
202668
41840
78920
230471
740817
622500
230107
999250
232997
202827
558240
308583
667565
469316
621183
724522
345192
359554
679418
279463
433983
259708
138784
924691
645673
496012
205470
556537
87424
528156
314879
547073
924217
598579
360865
658366
435889
573474
910879
286490
212914
85520
722753
808727
786979
606820
365667
722213
763274
577796
974927
313334
795736
111414
963014
981395
116334
460027
793997
102498
214887
805150
395041
422545
107326
407492
545995
357561
927582
200259
725523
504481
74198
133366
17423
343222
266869
635058
508485
289922
989803
314275
901257
520268
608860
240486
693553
81065
795610
889335
656573
880490
230963
501245
163021
814113
574015
209300
768509
467289
310649
264136
903904
270149
526208
549495
354399
795852
827597
329263
536004
724459
89205
917027
83464
838693
136331
682769
186923
5741
257458
297985
553438
672215
362285
224286
513869
758766
141456
388225
414786
744939
877267
957198
609443
400160
360874
865131
777739
757664
823194
791903
24115
186234
584285
670939
659053
695957
822646
157149
562816
499906
994709
275258
834115
495391
228932
590827
978138
277679
521571
118217
220630
690046
517831
100688
254145
984662
271477
589272
234708
297990
411232
53268
198735
655686
62086
166750
359239
896278
451258
119757
273142
212367
605356
198128
360168
133337
70080
137491
944058
965898
406870
126100
348637
621853
221954
766663
411599
7743
367508
347707
249323
357756
725365
677372
848713
376278
239461
748471
854228
943938
367405
646530
842838
851443
499624
870254
505301
327937
135515
749367
102416
898686
274363
239410
429286
675474
886278
231036
134713
555119
379417
354005
710872
884796
156540
783862
384513
694907
126654
45731
499194
823558
383505
764980
673309
598749
230505
183677
525979
361879
901134
942956
933748
125804
988054
198284
419414
122395
633805
216414
551594
954006
538154
96894
370023
933364
236885
994978
912058
534000
304609
404441
279927
53467
383709
966581
780226
867347
960051
188581
151630
26418
375876
170533
110335
62539
347773
498730
581640
736184
490119
583939
687159
236251
727756
320242
296932
195192
674310
802712
685467
31860
292144
478863
17709
570585
203213
656420
728042
556177
284014
973627
673521
674227
605433
663010
500040
416436
729907
533888
679379
495857
919396
223681
893194
412368
286099
296804
693070
604014
906422
174606
865571
826639
964935
179520
746001
944492
934392
75256
976657
575731
994147
658946
355155
350178
883556
501557
210788
487611
339556
48439
860077
815238
72297
567922
139992
374562
175356
800729
347961
168036
749986
551394
88451
114492
441523
846389
766131
475238
623012
49484
621513
288977
99417
687856
412076
985761
163365
168
701450
327816
23651
643532
472819
774450
967345
929499
830870
144812
791332
779440
366554
214043
380295
137533
7036
493258
114629
182524
906670
584658
562301
598059
426253
543574
785298
277881
95953
557160
755485
342382
832107
603239
832557
313625
726743
672403
853015
742094
726321
853972
803188
271960
764571
596367
265006
778793
252645
981743
446948
77753
829371
443564
224065
626009
880432
619645
369945
509501
450469
865227
841704
241285
604581
21403
85630
40012
287825
394313
351351
534263
601382
501878
756984
471951
170878
566603
924826
697930
548503
969305
555551
734987
795736
931885
587468
637778
840767
506072
906621
64252
513650
721876
299901
550395
820726
108998
650181
173742
823329
93227
348156
66760
3175
447606
915185
511233
794718
27648
340846
119949
323166
882128
517467
202510
610627
814775
863829
289036
730911
341180
885880
335399
223277
944825
158986
595487
595008
533713
782786
477910
532082
402435
899478
378731
916243
688607
744434
334289
232939
147437
398568
96947
921697
525612
810156
790453
373173
504272
683379
120088
770059
335377
191345
702025
257665
168694
374016
367422
947182
950184
475367
600574
756731
533536
282807
249972
294705
599386
173761
801479
118489
566146
844975
251958
531142
973878
505858
285368
109503
42017
231670
829284
115545
110179
568997
99002
812540
337502
315682
632960
721075
739064
516516
751324
812406
444562
835595
598748
350401
946203
601567
997837
672589
33329
996946
323903
187001
778660
555958
193994
406427
700695
894016
940039
510952
809478
445150
375394
387823
130010
336549
116619
717658
386571
990409
393321
533111
612980
255942
471953
910638
977845
312409
339148
787145
243390
418093
687655
998844
802898
50344
73985
923727
529210
103474
412642
695500
347007
492561
736160
560551
338752
266323
662240
555137
436879
2904
396352
748878
405615
928998
307478
489090
39238
25922
250505
920
785619
370152
762599
560872
64300
495761
452605
935490
308036
363782
268464
22786
782221
157209
418940
815407
476570
455219
352758
61266
419549
401658
710718
615384
333382
700049
237049
915105
63966
282504
745652
498750
173888
64405
457959
420563
767162
552704
753034
458145
77731
885331
216445
692369
509156
125952
541870
971309
191451
791319
849548
97049
3000
572641
248406
97977
639160
477827
899572
886076
35783
951357
201853
481417
586697
351672
239332
256245
286559
518897
733258
569461
653330
81451
940785
208937
36013
365014
542773
30463
615788
864893
70335
351505
99697
805452
898312
428368
493502
449066
101034
576527
662661
679085
26537
163282
911561
144356
639292
802508
198381
129509
249218
371611
520213
913594
439897
102314
639054
727158
774981
912188
191171
703270
530410
523551
778275
463587
748607
529615
784939
658033
383486
574008
86695
667364
890028
909717
703609
211451
177165
620838
193246
228543
932624
518518
343911
238388
533537
770060
6220
665138
175690
885625
288727
573954
597109
192988
329682
636355
186963
154896
357271
919264
555871
310922
194814
877181
940457
443422
62033
196077
540082
229020
712930
204383
644690
308862
350549
973969
993226
824050
666624
439597
818537
580695
351046
428723
355227
40734
305348
507517
789369
464842
551993
186784
463825
222626
421901
91111
681637
88128
407871
848722
134449
948738
684511
511515
366468
292225
737096
447399
126094
236109
859600
163315
438256
61895
41191
932213
738485
749755
507412
911039
755112
782233
666053
718564
826351
625524
213363
944685
847800
959854
320289
975067
196841
288444
140592
369731
415553
879
83646
913535
99428
674705
556755
67665
952938
170008
102554
649200
446048
980106
607328
123507
559034
34758
250241
950527
44063
649848
852565
612116
484540
285555
736381
194383
198306
673070
876648
595414
975776
890899
720207
401269
373023
931447
524812
163759
400353
320678
603458
641375
231403
717957
495641
394838
745721
814506
344757
539534
521192
804412
937068
716952
957011
521059
827289
792279
488104
592747
477977
292277
977280
780864
83664
139049
31619
181940
226962
730624
330182
474814
105236
250517
720573
39812
334053
90575
158120
250635
131267
319027
135360
257563
252975
483567
91191
916650
865227
892184
183425
308364
394328
603604
811779
78118
675768
236090
619196
817097
9731
492569
678137
274904
392100
800159
112350
236631
440287
140606
182096
416320
468038
396103
252875
680279
454651
164789
181775
471332
758022
483137
869264
705498
925251
271953
460496
41961
745847
931371
685637
109643
216076
246508
440713
908307
725124
484825
824783
67228
158615
402103
103343
611496
830331
92592
30771
18956
475353
179359
439039
389337
559737
376488
422206
50945
724961
974940
975035
394674
856007
396766
445260
403895
54652
250864
462065
36911
728495
49542
584706
353979
786335
624210
637093
142020
431551
185298
174652
371125
452497
435555
341292
677233
59629
185139
892727
57859
37605
736483
639437
782165
863992
213231
59190
27920
712842
223279
770147
482979
743922
294018
812818
720436
408863
211078
597892
26488
505854
593195
68730
416945
358226
812633
365519
762764
838350
202663
24964
900057
515385
722180
185847
899104
554005
438562
297019
814195
777709
938242
1315
155243
888577
120123
857761
821857
711080
278485
35720
685913
574837
835987
2589
625226
521716
706311
65844
764793
821450
487080
803256
997622
545835
581628
660089
14932
311609
386444
906457
161925
623757
576607
675476
63735
111663
694305
676948
410087
751657
623180
698591
96752
103495
672543
565022
434187
830768
174831
515584
667994
323423
878978
682727
919427
270939
335006
925386
538774
633850
113986
621471
420365
578855
613394
368760
19344
168003
655409
831008
508030
922623
19414
660259
16908
181049
961436
866702
798497
601548
922233
188006
817781
968257
535377
997592
129943
399728
684869
839181
144156
623208
871551
121334
425677
921046
535237
702851
588180
451397
419177
588600
734579
959086
76361
128608
210416
98398
300198
568306
206183
716446
675330
6358
389969
539780
298951
596721
568800
587282
349184
822479
708663
533465
477463
92781
671215
659522
113475
411687
726193
731763
179107
641225
187348
925586
556762
333280
447387
336640
344056
142522
688557
298359
572890
645297
660777
250623
710520
175123
750314
590787
22691
623174
519969
986970
53907
865545
676054
555008
138698
705788
128202
741572
720007
891475
604277
878294
399941
890544
153985
906273
609968
517348
647156
382605
359662
906181
437621
514200
16254
521475
786790
523376
436708
903139
981848
600691
45943
174245
565911
68383
681825
376194
430934
743026
274091
319068
147001
713054
295912
945437
111934
876439
60225
981868
565222
509019
150747
652135
94543
190664
680091
88855
50352
414160
362407
879414
838798
431265
929545
915949
669953
856594
627176
467204
858754
197334
417135
577023
882223
487631
995740
895632
622663
565922
567953
557359
205067
893190
359863
405548
241813
531382
341326
839111
633780
40727
561341
996838
130375
792690
422938
237585
854944
727670
616664
797914
440985
314092
129176
34029
185063
872514
902472
962245
237958
948340
750017
286546
71973
623633
944633
652069
351359
171930
194544
413375
991062
632593
430141
951619
361165
828665
489984
829355
874946
387109
203036
532464
868144
761325
941200
408029
273310
68887
207060
950705
777095
76543
49449
350283
556881
152053
587270
801272
278769
340276
444274
644865
541002
218281
786547
9094
138557
718879
105609
858590
66176
177253
605473
474960
388087
118589
686375
995441
98705
881935
44098
949215
89080
640569
701743
905294
451896
636020
458068
338973
818986
633125
414172
495249
895576
400256
236800
370817
266193
83947
948574
403292
115642
198906
622917
614340
163158
609108
379682
496854
289631
550580
495776
214521
224477
223416
446219
724061
71023
124112
261492
189639
881454
923966
846780
543789
937736
676044
952335
365798
404109
971490
303459
279073
614886
164440
192971
496409
134002
866616
501569
21018
915188
360220
875206
116551
673827
243077
481113
627627
414900
218852
788207
990224
349427
131021
160910
361878
21915
249217
407416
518793
19973
421001
501676
299796
971919
686034
902532
888865
953221
58813
556239
552998
24936
286676
12738
725499
14210
684956
499938
92431
208415
814112
534125
745139
851177
553278
672150
87486
797732
868685
15231
251246
122166
897955
289604
99632
147935
465619
914752
662380
587609
434098
677755
345411
901012
33846
675832
769719
52746
246041
705428
163813
797534
228815
772201
271727
592171
630896
653162
180185
133354
288560
637896
687350
540643
775580
808009
459640
254254
660278
335642
712272
874116
464595
455886
384885
498182
521775
465261
991800
317255
860686
572796
602476
992783
832572
506667
278576
922964
679185
823044
221439
646445
639711
539591
147099
873148
394794
834235
398133
515811
553858
826361
451625
709656
316384
69409
899383
310338
269815
118824
870039
829617
310746
102747
827427
202776
721832
876152
125624
24360
363715
802600
14249
482379
380017
874330
535260
576700
87142
129656
492652
669063
16091
821166
829309
716961
605318
911146
450438
965130
6347
930875
400086
329817
246097
622338
543354
13619
127294
594941
853160
878633
728496
611509
417964
57429
309305
157704
705810
10874
68515
483057
886730
52412
803163
613803
140730
497027
985075
263260
925416
398744
106066
970368
523741
898362
235130
917874
134346
466278
100932
37926
587188
607231
58422
193745
569290
944130
99077
563279
997694
32482
18094
408177
345069
301580
38542
638703
25730
70038
417952
500679
296040
771758
227463
32273
156596
261755
455763
466735
908955
927619
42420
601592
453951
169958
975019
570552
880121
134726
688769
952562
982074
27402
612611
674000
871373
179159
520789
513265
749734
156042
434728
338460
494132
236637
516909
387832
722005
122550
15688
387670
499427
777739
60673
617472
14982
710859
110229
953364
710965
502786
247729
961999
542439
129050
189339
657619
687242
167893
533832
533670
91640
321871
920985
680361
968332
329369
804604
190926
101435
39926
847388
685286
108559
883512
835420
377567
532962
193512
274523
660795
237734
368663
860301
688257
38057
455523
554023
57288
905231
700647
474599
138679
496938
500302
600358
151347
402059
973702
389157
872851
682831
958969
638754
559336
596750
115752
778050
720420
996071
693649
719699
465744
373814
853886
257288
189400
711572
879359
543010
517053
832776
141202
880982
508216
34578
577332
730111
294043
113567
968888
332355
722837
949882
873977
682591
501138
810420
16314
561450
319221
282925
783906
570797
853823
66329
102298
828307
180542
106461
102130
405091
790813
604313
489581
375710
273099
887147
343470
950893
379889
995403
951205
3791
923434
263607
105041
57581
873207
402854
256239
670337
839716
588789
196649
24396
526982
902777
886855
823561
814452
629294
42055
227901
191972
569162
682063
715518
468688
486836
808288
51611
174705
102054
67656
574726
719823
675408
852680
322825
816608
736302
752421
854696
943327
636289
92921
849487
297340
503001
544543
583030
239334
705909
544162
431365
804700
492337
522463
155451
249536
477470
530678
576752
213731
496629
675916
493336
182743
641590
347780
683371
519269
769556
631066
981459
713605
382033
873438
186614
812745
952179
337900
142290
329799
127583
460585
453864
682300
148031
429888
182938
84764
141277
336988
794772
411904
659975
183287
148327
348042
825979
660086
294329
89755
876313
577832
386333
660087
272940
260197
929283
259983
647343
597813
95031
278117
258642
113544
652596
183942
105585
27296
471506
702666
129421
97453
789773
875372
773848
125333
168394
515285
449326
377995
672982
148394
242532
32957
23311
526665
966900
567695
662835
366775
794555
115907
170067
795197
99882
636399
461198
351828
774959
185967
296616
217213
780238
570550
580578
307971
449968
134912
491281
289832
486350
565296
269296
776778
547541
115190
752166
654121
611632
287652
560150
641311
290855
905282
541938
359435
51841
303405
987296
384853
385643
890790
447965
848980
683539
584119
724785
876289
488442
411465
951164
160185
465913
597200
850266
538285
527490
943291
223652
429753
358113
633884
757104
575010
408936
279128
157540
869693
654507
640310
181665
307097
943864
156967
412080
775572
959158
187808
875734
106142
299008
606972
812213
666575
126358
931615
986674
886283
855174
817108
918202
826178
879452
966898
214343
608798
528491
952256
149677
978756
695694
415178
765268
382985
320653
550944
46776
528678
619258
780609
392593
224273
195051
737631
783810
852633
786176
977235
524539
295896
238869
881056
117401
661182
364018
585694
287302
434641
959804
544186
607357
272410
670794
938883
137398
533639
958935
96839
662105
802203
518445
824904
62361
289732
617395
783391
448380
419800
8590
346248
635485
673392
366061
124579
898816
327707
907177
179872
265246
272365
685641
993329
514175
798120
78593
160227
237638
254294
397727
231819
480038
156447
385818
290013
410979
344956
40493
925159
751544
72777
247068
373951
30206
985216
833399
529720
986818
626275
22460
909915
726824
517187
581012
306614
893002
831873
128850
533858
571308
972952
815501
689547
290142
854260
133604
330136
796440
517503
458686
979439
177116
528865
483142
523975
664505
791153
808868
841865
628833
297021
58268
553209
324364
760249
752210
709003
463837
131909
866682
135757
768148
598278
56767
318552
633062
82428
532089
378188
854496
744623
820878
226492
280205
446972
751583
52746
350259
365964
145128
810239
292171
855548
918855
890045
395192
864113
674139
466069
394257
208786
160754
136055
876578
742574
214509
500911
657943
571160
377704
709063
243321
230642
504867
76910
929267
628772
296344
146437
691489
118099
655660
370877
275872
452815
179650
105163
466769
390430
192728
58604
772650
827849
1591
260088
124660
94826
430594
465854
189283
51763
94741
676116
843039
521108
573237
606687
506165
820513
63407
648133
97646
959492
944331
314730
600092
280323
122822
976870
11876
82172
314461
759175
445260
475242
949763
680362
919065
777651
544770
155605
368417
819326
718892
322228
193792
77649
213326
170334
852974
347581
293080
223728
575227
69579
278440
285028
499129
843020
991755
834566
512998
239752
646425
519969
522502
265549
410247
833154
261872
717118
109146
524041
953259
608485
980877
482525
18021
468687
739686
300523
47116
427464
82807
191481
814409
590307
189973
229387
304393
594698
248176
266582
405517
728244
312295
431033
730079
531708
146410
168580
600521
334222
978838
254235
640070
169829
3667
510589
394427
783806
403279
207835
218204
761136
322344
569711
561162
815439
806408
556970
839827
25610
729721
874785
895295
221715
298150
37704
879903
963239
925563
324462
381169
497576
581855
640623
366443
647122
216996
928354
751500
710376
84640
543610
768409
817606
31363
144839
269508
355721
419992
992225
380701
316336
507448
447924
554410
790223
431876
14039
194084
657312
728467
941869
609305
312934
595151
806981
492952
408078
590399
126990
625905
439552
882357
978387
928061
635437
373211
391201
503138
903442
834605
119471
589543
613536
97666
122648
390318
74972
522583
65783
529683
201000
768762
634442
476927
629995
915703
245379
858921
925708
597496
984231
855948
69970
492169
292467
105810
453299
305953
565832
435877
39126
821889
146063
949034
58865
622087
902468
669705
190900
299540
353943
210475
124205
146331
234869
112039
110920
921657
151321
184226
331860
132935
614493
44991
593690
872055
894419
423207
230007
318172
915267
481788
206116
990151
59202
405960
852981
110126
16913
767558
621447
847728
765165
555817
255759
951512
412381
376377
442411
482922
609107
705353
10998
979440
956863
213544
715382
774089
966703
304607
367134
85698
668467
222067
599836
911514
524140
540831
43045
525044
755715
214527
164694
486915
18277
760469
974410
256207
971799
186854
316218
856716
321542
302156
432366
16068
977064
537037
540382
920686
386050
228681
536452
44747
719822
43146
827304
811785
388401
3411
778847
807107
365891
668108
538095
240332
728383
671749
62763
173022
77808
646334
502654
666853
672882
780059
589151
199052
553066
827574
126021
293693
677865
743338
419339
846541
114998
167023
613553
46987
947130
553884
918016
899684
181953
439158
600656
84158
814465
841215
106060
657255
826294
514023
173508
836917
111285
797262
392495
568344
45168
68790
842434
281719
530930
428921
688762
317096
685666
498491
797757
657853
390307
264493
163758
903417
556662
937212
414016
786247
315339
468712
149839
587191
84357
406140
801556
56353
538124
822821
100666
287337
71886
68364
94619
84260
892960
486576
553683
137273
203360
726994
171022
158386
226548
742375
305015
668550
51240
853772
818805
631246
109224
62580
690614
717016
223264
151050
290329
739813
590013
894412
431688
178826
6477
575532
483579
550850
236176
522497
466239
439927
256319
733555
366927
395641
301599
505702
679525
938756
41519
666043
758169
824747
321520
524743
476745
438002
141200
706315
921062
855803
865343
253272
581271
364494
598165
141554
938474
455173
184159
382465
687609
779735
778624
836010
508385
492
427572
123409
257581
693972
201981
611758
547496
395206
793940
387891
92244
889723
207952
207063
150891
98439
799856
967434
794887
788540
197823
1852
369163
661863
798642
8020
503956
157945
760919
555786
889719
218555
937829
130192
932170
193709
631885
722513
698331
161679
510196
350488
483300
834136
781234
187990
582555
190828
994362
459992
194174
45282
567911
49505
704082
258105
907695
721572
823147
43411
487209
592854
764545
546374
507077
84987
488108
345348
877513
263823
593632
578705
587051
774554
412653
536080
565269
854227
507164
612594
16827
719279
728638
293633
254946
578358
650437
486804
637259
328971
86601
814080
31538
368716
604151
808127
354461
816226
961707
462657
817736
569338
93318
472657
416621
443243
624137
526759
624907
243831
412255
363321
209818
664877
857813
74958
899050
649143
915380
635213
670443
855164
858073
645571
722721
875933
775465
953062
738626
252151
806845
382653
731144
785021
185517
66527
302740
110035
157440
974117
652420
945828
62265
984230
612855
253882
781938
51095
315705
546632
691948
446038
984206
671619
400598
303413
393840
205900
334711
928269
899138
845163
504996
835880
32756
948199
443786
726369
910786
852503
338694
889333
569057
992480
631876
755159
527745
417907
824853
612480
615852
525463
226088
796826
204613
298775
943474
91018
226189
269705
304692
496347
104689
538047
383206
207504
985758
946861
629324
14479
447538
44186
678185
868622
711436
64498
627150
936955
809268
939152
793726
380957
457447
831819
344299
923062
320575
436776
212319
275313
109851
235044
63760
787823
673661
700904
355552
433861
241833
591935
627807
784983
137807
63913
906351
408763
952847
760507
151451
69239
276945
388631
574733
779356
438466
521366
141118
121915
976258
29890
759760
831041
270545
498097
899390
554082
200164
197031
968582
431078
18321
60179
919211
820122
514475
50594
188419
833041
444941
429398
71948
490307
95402
285098
387072
30146
66508
351114
627487
251154
354495
429005
378100
495893
742351
682796
855821
415665
831475
261128
234235
330223
583814
627452
399902
273532
964808
315118
541887
428880
654798
334806
193542
627890
622540
931957
443242
420589
927436
207768
755526
263473
478928
236380
917753
814124
919062
564859
501890
91201
688740
446146
965423
390683
339123
499303
929990
422219
685347
976165
3395
882237
990317
263766
11159
695196
216804
194368
570399
825980
496132
785017
306268
373820
122386
46810
210046
206329
508025
579993
809505
873887
98125
286718
471227
730801
806234
979344
739355
305562
212640
656968
208157
725048
963944
29044
189579
995228
46814
484927
879766
266694
642847
731082
926293
752151
240842
956272
491493
265851
562332
937903
44949