135896
135559
489372
609797
763940
232439
341967
864640
536155
181518
180773
452814
958628
166503
647834
880667
328034
303294
986151
359904
138379
682990
780714
684050
603134
172879
982916
25000
971433
872965
47719
643394
360386
608612
169963
645813
99879
452797
628865
488273
825811
189935
469257
786392
833496
284874
252644
536301
957749
885273
763498
53030
311271
964830
642722
381568
718241
522144
557276
273397
649135
334011
381654
871453
78800
80291
901426
314675
463238
114283
919437
610362
713196
493831
768240
411799
338112
214512
429634
29246
453919
554418
326995
777458
973961
136391
607644
218524
11913
777080
253413
800181
497341
563335
310360
306700
954263
481787
836722
619276
859094
835858
682346
607168
909825
145687
646745
608861
980064
145743
645767
747597
886318
641705
822384
692461
22776
966863
249394
149917
592302
646128
799872
330504
721183
61418
307605
614408
98344
843160
583768
336090
164135
756030
817565
177211
290577
184609
683648
657745
819482
45917
973085
30776
220656
226978
566548
589406
957938
590959
114069
397587
4948
53721
360462
318808
805735
670194
897336
454812
535629
309056
106935
439964
762849
989331
1664
553827
53049
417367
525720
650032
305785
758023
809182
988764
570212
280223
511026
285040
102008
766348
149038
526821
246012
602678
232281
88407
467729
74855
680662
212092
531891
403049
528226
523385
904226
475631
659386
118470
631896
350704
682065
583927
491890
478805
650378
935620
657749
1844
649057
438139
802117
878213
87443
268056
283981
700406
528670
716435
527925
10944
667444
661945
578934
450129
252585
652262
788342
996464
401292
816465
606511
368258
224403
484859
287542
868782
212941
827907
495988
652352
173109
683993
268659
315498
520409
911772
461485
685777
30724
118611
514310
544973
655198
209003
360792
720022
176253
358148
405097
102373
164544
359110
439010
997191
379919
69483
717934
156219
455431
947737
144214
400813
617252
308571
809165
826601
597914
270423
680195
272072
409700
991185
459268
390109
104449
312888
136106
428709
884165
398250
299184
798053
488118
492770
924723
713021
548319
593198
951841
330146
454524
832819
11771
821419
829933
425302
822728
739552
214498
982026
623834
113389
189867
283089
287957
268669
570464
849775
75106
19267
204963
394380
296982
580437
794279
450072
972433
885978
644525
655916
853023
314495
972565
772307
990046
934659
821869
440161
279638
522065
328747
300232
605413
164270
132034
333204
360450
729533
902536
894012
320908
486234
154381
691970
412410
823787
730543
690589
103907
743901
433877
209510
669270
790519
784052
721986
551707
739174
162274
938326
135537
407410
875740
393816
971876
770184
91498
906116
827093
832403
524745
703944
656806
92992
842063
947285
149476
289820
683104
689425
96401
534947
387293
256869
848182
285675
337349
718691
484347
584094
222004
289111
639342
6156
298129
704274
435308
153709
742713
705406
921767
634940
445065
29037
626667
356455
910315
139788
593333
731506
650184
641697
460152
254264
47681
65121
507256
622613
269532
805936
721824
944194
209271
547135
672381
414653
799369
676917
123501
432288
726159
408373
618455
824597
583091
159646
587649
577138
984797
922202
631997
818166
170233
247761
70826
859411
538267
889883
162625
189983
88851
81392
308536
993448
151273
703865
636343
184712
512445
950281
98155
374283
433087
27541
420816
655555
553904
408858
718272
364112
319105
664435
504820
652280
577044
365364
120740
12985
858096
152599
315028
278832
818561
757485
488491
672226
104604
10576
318622
861055
758119
863623
984935
131067
67670
454495
122929
111463
479197
719832
67624
657022
18273
896782
367285
752871
101018
756565
337837
563345
376013
256085
286
144428
548990
854486
425768
814206
86885
222749
292538
657885
327242
751741
844796
406958
773864
390073
789290
393115
991569
487589
14140
284771
134628
632827
39349
245185
584739
632617
496697
134640
755928
110380
258855
651447
498096
83034
210170
234536
660038
896130
811911
699179
430086
381744
296941
716567
402750
514644
183425
786932
54898
628944
29706
284988
321990
580448
575363
518617
448962
420329
239715
188784
761507
533465
53945
928924
134400
938778
603244
908542
82101
907264
356839
960028
287846
751130
472441
961735
482066
743646
229496
322043
837480
135451
868992
655383
578428
88707
898908
461460
947849
135668
181488
776701
5951
390951
22980
909629
232500
360437
153074
781127
427301
245750
447459
69461
489688
71795
351872
229642
612149
99570
651078
156951
479063
461417
744490
480304
939277
743927
758099
759430
135289
142111
874782
573985
582661
563244
216286
208262
197831
581348
664602
851453
600740
662934
546979
520792
964475
234781
73997
950528
531468
279471
371693
66671
390829
402667
294240
902110
24538
909508
766879
548027
847794
805596
966611
953186
942729
760871
847863
547655
389981
443554
765373
285727
58546
193144
24852
355747
800377
616132
80964
351489
358208
298225
31997
571806
380194
107001
908801
191436
874729
677372
884888
583326
430450
523011
15372
171602
348391
622459
464029
80631
787110
213765
7158
937825
840404
664573
522796
904319
862405
240526
811858
458802
960399
704815
138864
741338
813981
798863
616436
453177
755066
114939
34922
233613
334733
757166
280519
61911
663590
292404
984854
168875
773199
516823
784289
285264
739906
358211
489036
681341
549438
710504
639830
280303
579102
968665
978426
70871
348887
401157
422936
904967
135272
277965
686061
220328
514582
951849
763224
95152
763227
760672
527415
975152
148281
91026
735333
230876
49839
723476
186172
478637
625517
270327
27577
142968
447788
346362
380992
807646
419303
96653
802340
417132
379680
403339
735757
639219
171490
292027
553297
583238
49377
616985
960063
283314
781716
300095
282430
249522
830853
719161
698408
503722
763557
660350
817608
335289
403665
913366
779683
406848
418105
339303
340025
230717
358765
244737
597159
602862
706802
930295
306507
997795
271692
78723
177840
697446
523294
809081
306059
682957
540968
526517
725100
196732
491065
893568
342604
326486
50821
491554
654167
51896
855736
868763
708581
679222
128829
575224
88132
737554
163563
142537
750877
710752
102932
834202
257017
785662
34582
230311
443902
695071
381664
620263
409937
905829
475502
156295
940650
155548
878632
193601
777503
613959
999564
713406
151421
490991
39960
70943
327608
606339
311752
280259
928539
994516
859399
580527
656888
947292
156981
880777
667696
84744
409829
129905
580523
114074
206140
315570
846103
204268
4643
696674
155189
325208
964355
422276
730057
370330
862152
749210
573918
943089
999199
295446
115685
427654
707381
943409
798171
219753
686945
551739
116615
164001
475959
199873
486399
170278
557689
221912
591674
283821
170990
133881
692973
691793
782127
380029
974251
639829
15971
320977
948911
840126
316094
546842
78097
700241
330020
192889
727346
576418
173221
970125
380661
330705
461441
92849
234533
306818
857304
816563
765637
683958
789442
346915
896019
772906
165203
3392
526550
867751
600216
857976
228922
198822
595489
723548
967134
201335
228137
535169
847521
6429
769602
826166
88851
479587
217573
903089
889201
281085
619939
683813
755339
551993
870728
666596
902689
501699
610048
364703
960841
523319
254994
686898
977679
456349
530236
220731
575196
850629
316666
596226
179605
748600
353194
180448
964350
544282
939237
513211
812319
797786
499631
665621
485652
996631
192486
374586
282753
464103
623036
737503
600255
193129
538223
148685
170893
765916
121247
629107
349578
203221
359205
719117
194281
155748
842070
809826
632516
119531
80464
752917
760240
49227
914744
30895
597367
508616
300260
493461
656183
327713
9140
790834
374838
825470
537009
324738
580658
201624
539708
275527
426417
552045
167419
35707
148586
413970
647369
970173
99346
809808
125661
448953
739107
694570
400525
271406
12565
12367
999034
921692
667160
695134
286805
430978
742333
889405
208355
204824
438989
29136
19680
229602
869429
442431
718709
502458
386315
104643
945976
665049
306199
251101
214945
718877
665718
744333
467150
978261
456402
906219
959871
418019
22902
236846
911408
132787
144032
508520
595263
541309
202896
83485
732438
969492
855133
946929
776016
75118
532526
114105
655020
462388
711578
328773
351657
771555
675111
231723
623427
376337
763991
840075
36534
383954
549052
745856
96289
878451
819403
515802
482757
708928
163716
28024
691997
180628
798227
380642
861371
581060
943274
162468
336554
310596
922594
64094
784151
159978
330400
773023
673919
217390
57945
732685
770968
637020
250102
83146
946498
804455
820548
812063
470952
769951
428678
336283
454059
835146
458841
5921
875169
723559
596389
163298
190953
523667
981609
73007
915188
953502
886679
169575
628247
659422
24223
320949
401750
919001
256301
172458
353751
178127
965616
182640
463466
694478
793918
662647
698072
242866
433217
940257
365961
722182
944814
341519
30784
29657
999584
149650
131677
546556
738811
197607
285054
913385
729649
156709
585280
615364
750499
437785
165254
92577
292748
870775
335255
915459
817365
145101
388694
344150
595021
227515
226711
330605
298556
308188
636916
556458
534815
606145
732900
385421
928505
117685
97213
692423
490632
333977
981101
661802
449089
113055
290795
794849
522686
240377
909645
285807
59229
474254
541037
975581
392451
725553
976866
636821
330657
777015
542500
558071
882222
976724
445223
543032
926372
889027
293861
339702
836116
187931
187402
462495
691358
300070
165850
42251
826131
763676
853868
177675
266883
151676
112524
478746
256379
866852
96209
99475
760114
216296
900400
113046
429246
942538
839185
109927
56487
687263
555195
541529
755228
526079
301822
813243
618841
658699
470411
160235
56605
143176
130336
357613
637253
138065
992338
722291
493422
782606
352104
99692
230893
937240
950184
458766
771994
944344
406920
473425
577645
395478
670948
463325
875140
497546
958612
348988
503132
209112
834610
963420
752909
28325
794207
796271
408104
152831
66889
518817
949617
55126
86111
794541
1880
949908
360445
811949
922609
21523
26035
39187
551801
362127
910061
432429
393492
255238
17750
266068
134120
159066
637051
409821
801591
445400
917750
249252
483188
634325
501482
225399
853045
654433
97030
541402
215441
202278
983193
895578
396656
25253
42859
402937
173177
850921
41092
659109
555647
340854
796601
55625
100350
400797
322256
38265
478654
709814
589444
105965
55794
357296
887943
7375
572718
467765
908509
653248
312724
637312
93016
129699
587361
934861
877472
564698
584053
827622
244000
102080
374256
309371
286947
441330
16801
511004
769184
562691
408716
639976
846805
8201
303495
518924
359694
179904
492276
1693
127913
946726
483849
325963
433384
656058
873562
722310
821226
233239
193223
480137
130378
421865
184105
136709
582413
594387
68378
749947
1109
852957
268459
745966
492383
444684
343626
814092
897828
96127
898271
945966
976808
818309
631051
703426
411697
895768
36435
314886
728948
351449
990835
599473
976818
180540
714943
962711
443488
422488
5937
677020
443491
835522
82102
14318
597679
852454
686703
294325
598656
200562
290241
848573
233685
495286
978873
895084
989507
459034
777569
318264
302526
626546
913119
455493
564457
157795
861556
61130
468257
70868
856664
972192
121528
449362
727916
571778
251049
940612
671316
252395
124639
694919
998353
767865
373514
643864
416031
423217
868477
223617
300817
446969
221581
558962
68052
70353
256851
62448
866049
134973
706559
110537
332993
260737
920079
97152
600906
205386
713476
583876
176592
327394
897455
859750
590962
908
585158
156412
858438
470844
836678
939555
166730
335950
49909
194060
810672
300253
376266
278516
802944
261474
957203
38754
38977
879196
400627
50201
316609
222112
294307
751022
184587
457823
65966
176993
356370
42811
888628
869264
910576
939873
500033
881930
880262
971449
375799
176401
8808
607108
32383
934196
760473
52239
159272
24659
104304
758881
498451
226587
366810
231575
100836
611423
920030
907944
236555
460682
766190
428636
144637
941925
463096
83066
422618
959803
910780
880416
330536
49117
945208
901711
218057
769696
21432
719451
830602
404223
297220
71951
563315
249858
572746
730225
299623
954315
858547
202730
898462
508857
48668
831931
263764
338599
608669
883445
815316
307116
581069
431097
376882
170569
549538
653900
355615
175205
967374
93027
943480
600047
730242
24027
402226
193801
55653
630355
618332
152279
181626
683570
593984
597113
993802
838128
928858
178573
829297
841791
651733
413347
292334
424015
933319
873626
830672
392469
961152
754095
680959
815347
572536
332811
710465
815662
277931
731808
905729
229021
972524
245691
394232
749759
375631
740166
432216
45249
844604
152638
966671
233947
252387
877623
878927
271326
768153
387579
875730
672993
127219
638160
123505
985391
906113
895657
883001
361914
162543
575941
516566
846006
800181
211774
539598
661838
529051
121998
854101
205587
745342
963119
453815
283041
703739
959885
743806
394314
441300
719429
963699
822380
422707
573913
151141
667319
246871
929159
397053
556549
331277
445782
919069
532282
742039
384199
119128
597345
685979
555576
433850
347030
398694
246105
402332
537380
410945
342502
121587
333399
92013
554963
264931
780516
589777
877588
424845
551547
824762
145293
575733
81476
283135
104071
771689
39467
493426
867694
7883
341280
138242
938
199860
982275
402054
588282
325111
744214
438599
522494
666024
495385
637401
829158
228214
29385
516963
316631
216205
636651
144417
635100
920665
357242
761030
722849
398767
604497
321866
883523
150856
468641
421610
858369
239656
465475
692599
928316
549848
63067
686824
126078
328870
292483
493782
496246
569757
802390
66897
32072
894165
459532
803322
459454
859890
784095
899124
564056
881676
844150
782866
544501
362733
834902
275018
839098
288987
632799
942736
751492
121901
468170
163211
2017
794828
646517
458138
888762
634980
114516
190252
502331
157883
489537
295706
91591
821312
210182
176409
713266
670720
682166
746453
715019
285211
976074
918375
952812
860126
663611
288794
812286
582862
62102
748220
302407