0.000281
0.003127
0.007094
0.00692
0.039114
0.039203
0.229364
0.500404
1.037086
2.795874
5.910858
0.000451
0.00321
0.007041
0.006814
0.04016
0.039284
0.235471
0.492127
1.059358
2.829498
6.396465
0.000350000000001
0.003461
0.007518
0.006977
0.044261
0.041599
0.258515
0.543205
1.141028
3.19256
7.067925
0.000341999999996
0.003651
0.00753
0.007212
0.045998
0.04419
0.266352
0.584273
1.227232
3.392781
7.243247
0.000345000000003
0.00336799999999
0.007524
0.007371
0.045304
0.045049
0.270479
0.582328
1.266587
3.479072
7.52284
0.000338999999997
0.003474
0.007561
0.007561
0.046162
0.044369
0.27355
0.57887
1.2739
3.613275
7.737341
0.000337000000002
0.003631
0.008589
0.007373
0.046696
0.046555
0.274184
0.594017
1.26969
3.544944
7.629641
0.000392000000005
0.00347500000001
0.00758399999999
0.007487
0.046202
0.045613
0.274105
0.588945
1.272201
3.575904
7.543515
0.000342000000003
0.003432
0.00753
0.00729
0.045588
0.045669
0.274123
0.600218
1.288943
3.521958
7.736389
0.000361999999996
0.003427
0.00766200000001
0.007752
0.046968
0.045829
0.278923
0.598742
1.295635
3.544099
7.507767