cpu12 mem11
0.000316
0.00325
0.007199
0.007239
0.041943
0.041027
0.237559
0.506865
1.052085
2.866239
6.135665
0.000332999999999
0.003362
0.007257
0.006965
0.041227
0.041781
0.237941
0.519629
1.129249
3.004821
7.100251
0.000682000000001
0.007372
0.014736
0.014826
0.089559
0.083179
0.47883
0.560858
1.209374
3.402843
7.850215
0.000391999999998
0.00402
0.008339
0.007784
0.048471
0.050712
0.312443
0.710363
1.786176
4.984585
10.117895
0.000424000000002
0.004165
0.009452
0.00892099999999
0.05719
0.05364
0.383792
0.745406
1.901367
5.109812
10.9727
0.000375000000005
0.00438200000001
0.00945899999999
0.009473
0.059748
0.059804
0.388182
0.881437
1.850074
5.021871
10.698766
0.000411
0.00412
0.008797
0.00877300000001
0.055042
0.055757
0.37694
0.824008
1.968537
5.153829
10.67344
10.67344
0.000512999999998
0.00532
0.011984
0.011897
0.058263
0.054932
0.337616
0.767102
1.660361
3.738869
8.035475
0.000421000000003
0.003699
0.00758500000001
0.007558
0.046946
0.046686
0.291638
0.637823
1.348074
3.737178
8.042634
0.000335000000007
0.003693
0.007935
0.00839200000001
0.047605
0.046735
0.298377
0.637029
1.364702
3.939484
8.803512