0.000293
0.003511
0.007299
0.006935
0.041021
0.040666
0.245043
0.524384
1.122663
3.014725
6.456776
0.000328
0.003436
0.007265
0.007463
0.04181
0.043653
0.267844
0.603223
1.198456
3.276214
7.349667
0.000350999999998
0.003731
0.007614
0.007772
0.047409
0.042635
0.290855
0.634906
1.391697
3.868919
8.699698
0.000376000000003
0.003693
0.00881
0.008518
0.048512
0.049056
0.286641
0.629059
1.35163
3.894767
8.466263
0.000353999999994
0.003635
0.01051
0.00883
0.048253
0.047707
0.299695
0.682765
1.524029
4.148574
9.002597
0.000368000000009
0.003683
0.00779899999999
0.00776900000001
0.052653
0.065087
0.311597
0.760468
1.423074
3.766147
8.261856
0.000353000000004
0.003427
0.007868
0.008219
0.049766
0.052989
0.294043
0.618166
1.387344
3.811061
8.263739
0.000354999999999
0.003531
0.00842
0.00803000000001
0.048293
0.048204
0.288957
0.640945
1.384829
3.974424
8.476568
0.000340000000008
0.00341899999999
0.00769700000001
0.007881
0.05016
0.047662
0.306114
0.662646
1.404189
3.95891
8.369296
0.000418999999994
0.00374100000002
0.00785999999999
0.00776300000001
0.046811
0.047993
0.286482
0.646569
1.384617
4.009
8.412475