0.000288
0.003361
0.006894
0.006928
0.041586
0.040643
0.2435
0.499999
1.074834
3.040617
6.895153
0.000560999999999
0.005725
0.278342
0.007075
0.006949
0.041969
0.045706
0.272093
0.557895
1.163578
3.26409
7.386445
0.000342
0.003368
0.007248
0.006835
0.045007
0.042329
0.277267
0.597053
1.367509
3.645971
8.019912
0.000343999999998
0.003624
0.008024
0.00768
0.046636
0.046331
0.295752
0.646164
1.437185
3.869778
8.396753
0.000371999999999
0.003879
0.008048
0.007727
0.049788
0.046935
0.310893
0.655994
1.468839
3.984144
7.872727
0.000354000000002
0.003654
0.00787399999999
0.00733700000001
0.046047
0.045461
0.28182
0.634511
1.34806
3.703854
7.814595
0.000378999999995
0.003733
0.007518
0.007732
0.046721
0.046297
0.27621
0.603794
1.294131
3.592556
7.728517
0.000378999999995
0.00363800000001
0.00784
0.00761
0.046654
0.045286
0.278342
0.592108
1.304252
3.597421
7.735522
0.000390999999993
0.00345800000001
0.00747
0.007307
0.047053
0.046694
0.271476
0.601534
1.292924
3.592212
7.708573
0.000337999999999
0.003314
0.00756100000001
0.00743
0.045886
0.045509
0.27269
0.596887
1.314352
3.613564
7.735747