0.000306
0.003863
0.007919
0.007827
0.045372
0.044386
0.239551
0.539099
1.121932
3.247819
6.568199
0.000325
0.003219
0.007163
0.007006
0.040364
0.05309
0.235433
0.519884
1.25764
3.48634
7.476883
0.000357000000001
0.003642
0.008091
0.007264
0.049871
0.048962
0.282711
0.651913
1.302916
3.793483
8.183463
0.000610000000002
0.006478
0.014809
0.013827
0.081503
0.086913
0.404628
0.653123
1.401824
4.4693
8.811552
0.000370000000004
0.003566
0.008143
0.007664
0.047478
0.049172
0.309305
0.660489
1.432605
3.850658
7.936288
0.000343000000001
0.003688
0.00746400000001
0.00766
0.046116
0.045455
0.2833
0.605686
1.355315
3.779211
8.338199
0.000384999999994
0.00342500000001
0.007643
0.007532
0.047453
0.046626
0.285625
0.627805
1.324785
3.817074
8.253436
0.000343999999998
0.003698
0.009142
0.008167
0.04878
0.049726
0.290987
0.62583
1.417072
3.978045
8.599879
0.000382999999999
0.003652
0.00785500000001
0.007459
0.04837
0.049721
0.299647
0.642307
1.447069
4.048565
8.534138
0.000362999999993
0.00358299999999
0.007756
0.00764800000002
0.046621
0.049877
0.298037
0.654172
1.403919
4.000872
8.698912