0.000276
0.003292
0.007408
0.007177
0.040502
0.040937
0.233065
0.494544
1.041121
2.766858
6.040726
0.000342
0.003538
0.007035
0.007025
0.040453
0.03994
0.227921
0.4924
1.042135
2.919611
6.29143
0.000333999999999
0.003459
0.007131
0.006782
0.04486
0.041548
0.255845
0.526213
1.122627
3.157016
6.726522
0.000338999999997
0.003206
0.007228
0.006725
0.040682
0.039993
0.240243
0.539797
1.155091
3.168956
6.703632
0.000430000000001
0.003173
0.007471
0.006646
0.041767
0.041866
0.256829
0.548424
1.203394
3.206821
6.781506
0.000334000000002
0.00337
0.008058
0.007307
0.045488
0.04438
0.264021
0.562031
1.213937
3.277395
7.026503
0.000351999999992
0.003051
0.007818
0.00710699999999
0.044903
0.048484
0.271806
0.558507
1.209103
3.332098
7.154064
0.000345999999993
0.003291
0.007313
0.007244
0.045011
0.044605
0.262341
0.584832
1.239361
3.367647
7.143463
0.000409000000005
0.00311099999999
0.00662700000001
0.006722
0.043399
0.042361
0.260136
0.551858
1.189037
3.344052
7.097613
0.00036399999999
0.00316500000001
0.00702299999999
0.00691
0.04138
0.040959
0.254008
0.560438
1.18411
3.31472
7.077871