0.000319
0.00352
0.008095
0.008104
0.044031
0.04158
0.267511
0.524536
1.116584
3.068168
6.799674
0.000332999999999
0.003377
0.007348
0.007583
0.042988
0.042587
0.252313
0.538001
1.244596
3.465261
8.005279
0.000347000000001
0.003505
0.007576
0.007387
0.04696
0.04394
0.291099
0.623945
1.437091
4.422311
9.205826
0.000347000000005
0.003459
0.007736
0.007744
0.046022
0.046469
0.279306
0.634286
1.503134
4.295743
8.989557
0.000397
0.00407300000001
0.008344
0.008124
0.051925
0.050527
0.316389
0.664475
1.499382
4.39655
8.967721
0.000344000000013
0.003421
0.00763599999999
0.00788
0.048488
0.058954
0.38568
0.736081
1.58932
4.469319
9.846132
0.000363000000007
0.003722
0.009823
0.010047
0.056276
0.054469
0.313927
0.685814
1.481957
4.594932
8.87908
0.000410000000002
0.003871
0.007679
0.00789400000001
0.048454
0.050991
0.315504
0.673191
1.615895
4.010268
8.835482
0.000384999999994
0.00355900000001
0.00784899999999
0.007993
0.048968
0.048074
0.331196
0.735347
1.550085
4.213971
9.173247
0.000359000000003
0.00361900000001
0.008004
0.00864999999999
0.062582
0.088558
0.352906
0.662845
1.576037
4.877561
9.319987