0.000284
0.003589
0.00744
0.007136
0.043025
0.04202
0.241525
0.514417
1.092013
3.037453
6.477468
0.000354
0.003289
0.006869
0.007185
0.042215
0.041915
0.238688
0.5261
1.136703
3.132134
7.051993
0.000412999999998
0.003522
0.007251
0.007211
0.046204
0.043545
0.280628
0.579312
1.250519
3.548085
7.712718
0.000391999999998
0.003971
0.007894
0.007221
0.046015
0.046086
0.273579
0.615243
1.312974
3.601996
7.79034
0.000351000000002
0.003843
0.008193
0.007983
0.049571
0.049464
0.296729
0.619513
1.355104
3.701544
8.03529
0.000351999999992
0.00343199999999
0.00771900000001
0.00784900000001
0.048905
0.048195
0.298559
0.626312
1.365905
3.780078
8.057476
0.000368999999992
0.003677
0.007919
0.00872500000001
0.050156
0.05006
0.29507
0.644311
1.389919
3.832186
8.158203
0.000349999999997
0.00342599999999
0.00748999999999
0.00753400000001
0.047465
0.047772
0.290138
0.632676
1.380055
3.806151
8.332941
0.000346999999991
0.00370100000001
0.00767500000001
0.00790499999999
0.048439
0.047773
0.294006
0.635417
1.378967
3.865802
8.085851
0.000353000000004
0.00341599999999
0.007643
0.00789899999999
0.047772
0.047539
0.289575
0.635929
1.395164
3.843732
8.149829