0.000428
0.003273
0.007173
0.006898
0.040848
0.040018
0.236188
0.503212
1.102371
3.010977
6.273322
0.000329000000001
0.003235
0.007281
0.007285
0.041646
0.041632
0.242758
0.516088
1.11389
3.087674
6.969429
0.000350999999998
0.003711
0.007631
0.007204
0.045418
0.044263
0.267939
0.565717
1.220996
3.538885
7.636003
0.000379000000002
0.003519
0.007556
0.007479
0.046497
0.047861
0.305199
0.611144
1.235265
4.320626
8.2971
0.000346999999998
0.003739
0.007881
0.007677
0.058361
0.049247
0.287637
0.654431
1.359944
3.742159
7.978006
0.000359000000003
0.003474
0.008101
0.007633
0.046577
0.046321
0.282059
0.619641
1.346341
3.854698
7.996952
0.000563999999997
0.004006
0.008371
0.010032
0.050175
0.049044
0.292813
0.629428
1.356663
3.772927
8.096202
0.000364000000005
0.00342499999999
0.007656
0.007581
0.047502
0.047542
0.276166
0.66904
1.562033
4.917612
11.236895
0.000360999999998
0.00353800000001
0.007677
0.007841
0.050079
0.049659
0.324082
0.745183
1.917773
4.239667
12.360833
0.000471000000005
0.00413700000001
0.010917
0.017114
0.068179
0.062979
0.433459
0.959326
1.618159
4.947232
10.440268