0.000294
0.003231
0.007066
0.006892
0.042808
0.041303
0.265752
0.511229
1.127225
2.908401
6.238874
0.000328999999999
0.003191
0.006839
0.00725
0.040527
0.041645
0.244363
0.522857
1.107271
3.175253
7.162198
0.000354000000002
0.003549
0.007223
0.007098
0.04514
0.042121
0.276667
0.58694
1.244918
3.7363
8.000894
0.000330999999996
0.003363
0.00723
0.00717
0.049433
0.046842
0.280663
0.60857
1.285046
3.620758
7.706642
0.000351000000002
0.003501
0.007533
0.007523
0.0477
0.04744
0.298069
0.609005
1.329551
3.684414
7.869214
0.000366
0.003631
0.008505
0.007796
0.050039
0.052771
0.29899
0.633729
1.404381
3.896476
8.12968
0.000339999999994
0.00345200000001
0.00747799999999
0.00771700000001
0.059251
0.048591
0.286211
0.605262
1.333955
3.762123
8.198975
0.000359000000003
0.003834
0.008337
0.007858
0.050776
0.048703
0.302641
0.642969
1.398712
3.807639
8.542898
0.000374000000008
0.00538299999999
0.011563
0.00786599999999
0.046796
0.048096
0.298203
0.651692
1.405305
3.901812
8.304264
0.000343000000001
0.003531
0.00765700000001
0.00758999999999
0.050265
0.047163
0.292342
0.635689
1.413284
3.835907
8.104678