0.0005
0.007268
0.017003
0.015613
0.070203
0.046329
0.27866
0.849145
1.472619
3.955487
9.481894
0.000378999999999
0.006478
0.009997
0.012389
0.07239
0.065106
0.304958
0.640855
1.769144
4.074234
8.475918
0.000412999999998
0.003545
0.007528
0.007319
0.04522
0.042904
0.272515
0.716375
1.537406
4.057943
10.752548
0.000709000000001
0.007399
0.014248
0.012722
0.091338
0.105236
0.523183
1.195587
1.780219
3.755334
8.431599
0.000358000000006
0.004363
0.00881100000001
0.008608
0.052556
0.047161
0.2941
0.639478
1.452121
3.86286
8.697075
0.000385000000009
0.003491
0.007763
0.00735299999999
0.046987
0.046793
0.290234
0.656744
1.530531
4.099269
8.915458
0.000360999999998
0.003511
0.00793300000001
0.008326
0.049469
0.048109
0.30662
0.669671
1.499908
4.138996
8.839328
0.000381000000004
0.003621
0.008005
0.00796099999999
0.050113
0.050156
0.302847
0.662432
1.484979
4.156202
10.371819
0.000368999999978
0.003804
0.00804500000001
0.00778000000003
0.048179
0.04997
0.313025
1.042578
2.373458
5.008544
9.960306
0.000371000000001
0.00385599999998
0.009388
0.00817000000001
0.053638
0.052223
0.392963
0.684588
2.013698
4.439427
9.73978