0.000306
0.003533
0.007667
0.007358
0.044161
0.041317
0.245448
0.523392
1.109808
2.991484
6.437796
0.000333000000001
0.003368
0.007213
0.007039
0.041589
0.04307
0.246019
0.52467
1.138555
3.174127
7.196126
0.000360000000001
0.003626
0.007436
0.007377
0.046613
0.042599
0.274727
0.577204
1.252548
3.518315
7.62931
0.000464999999998
0.003575
0.008338
0.007672
0.048892
0.047985
0.281778
0.63384
1.35527
3.411536
7.289317
0.000399000000002
0.003514
0.007596
0.00758
0.045346
0.044951
0.271496
0.588725
1.239669
3.451878
7.802686
0.000349
0.003875
0.008008
0.00758
0.047913
0.047743
0.287289
0.619399
1.33464
3.877387
7.474505
0.000375000000005
0.00349200000001
0.007609
0.007193
0.045431
0.042546
0.276968
0.566437
1.332715
3.541645
7.795062
0.000344999999996
0.00326199999999
0.00706500000001
0.00724799999999
0.045538
0.045776
0.279505
0.602349
1.306097
3.579023
7.735068
0.000373999999994
0.00368200000001
0.007775
0.00760200000001
0.047632
0.047414
0.283878
0.634103
1.368431
3.725314
7.938415
0.000389999999996
0.00354400000001
0.00795100000001
0.00796099999999
0.049561
0.048545
0.300765
0.648489
1.391189
3.828035
8.202372