0.000304
0.003338
0.007607
0.007041
0.040986
0.041739
0.237169
0.509754
1.077392
2.87271
6.982417
0.00056
0.005832
0.008273
0.006912
0.042078
0.043072
0.240194
0.513696
1.125463
3.028934
6.700984
0.000337999999999
0.003395
0.007628
0.007012
0.045747
0.043936
0.269867
0.560504
1.210585
3.419881
7.799941
0.000337000000002
0.003433
0.007366
0.010824
0.049112
0.046667
0.271223
0.596161
1.254511
4.064117
7.915838
0.000371000000001
0.003603
0.008008
0.007704
0.047158
0.045423
0.279304
0.603162
1.3152
3.581157
7.619595
0.000405999999998
0.003562
0.00776400000001
0.007755
0.047717
0.045591
0.285037
0.609347
1.354898
3.688189
8.59631
0.000337000000002
0.003733
0.00778199999999
0.00768599999999
0.046243
0.0469
0.283524
0.897888
1.861839
3.678505
7.897887
0.000343999999998
0.00359900000001
0.007868
0.007864
0.048031
0.048241
0.286684
0.626648
1.33211
4.078155
7.882715
0.000337000000002
0.00352000000001
0.007441
0.007468
0.047485
0.046025
0.285601
0.629287
1.339761
3.744164
8.047175
0.000349
0.00349200000001
0.007876
0.00788
0.047682
0.047829
0.287891
0.625212
1.349436
3.747802
7.985151