0.000296
0.003517
0.007025
0.00718
0.040697
0.041348
0.239529
0.530353
1.074169
2.933772
6.262275
0.000329000000001
0.003203
0.00678
0.007069
0.041109
0.04325
0.240271
0.51708
1.133305
3.103065
6.783824
0.000425
0.003674
0.007222
0.007076
0.044406
0.041496
0.271881
0.56671
1.242955
3.514964
7.468735
0.000619999999998
0.003537
0.008246
0.007966
0.047233
0.048831
0.270799
0.582474
1.26043
3.529633
7.730248
0.000355999999996
0.003571
0.008056
0.00761199999999
0.045071
0.044584
0.298431
0.61262
1.34911
3.706313
8.398469
0.000349
0.00340199999999
0.007333
0.008262
0.048789
0.045152
0.280497
0.625075
1.445536
3.65498
7.988054
0.000350000000012
0.003699
0.008218
0.00754000000001
0.047805
0.051156
0.288344
0.627926
1.357028
3.758496
8.291599
0.000338999999997
0.00352100000001
0.007706
0.007665
0.048641
0.049252
0.312797
0.703696
1.464576
3.842401
8.136955
0.000618000000003
0.0035
0.00766300000001
0.007493
0.046664
0.047285
0.289814
0.668695
1.348901
4.170344
9.090804
0.000343000000001
0.00342599999999
0.00775400000001
0.00789400000001
0.048967
0.049444
0.325625
0.721178
1.512269
4.234478
8.111869