0.00036
0.003563
0.006984
0.007489
0.044034
0.041319
0.287041
0.569752
1.159671
3.163147
6.617915
0.000325999999999
0.003472
0.007445
0.007774
0.044177
0.04082
0.25585
0.578793
1.181558
3.154873
0.007109
7.034355
0.000359999999997
0.003901
0.007534
0.007355
0.045272
0.043769
0.283649
0.590585
1.259393
3.543257
7.685503
0.000343000000001
0.003371
0.00748
0.007109
0.044071
0.050199
0.269477
0.641759
1.335171
3.656819
7.831083
0.000339999999994
0.00349600000001
0.007994
0.007998
0.046755
0.048758
0.300612
0.629651
1.407267
3.922784
8.198084
0.000389999999996
0.00374599999999
0.00800000000001
0.008531
0.050851
0.048582
0.293251
0.638213
1.416273
3.823499
8.203291
0.000377
0.003523
0.008427
0.008411
0.050494
0.049957
0.293045
0.625816
1.391072
3.835106
8.745732
0.000366
0.00364900000001
0.007459
0.007689
0.047664
0.051664
0.349411
0.705355
1.49188
4.157871
8.545921
0.000349
0.003455
0.007536
0.00757
0.046909
0.046423
0.319192
0.689104
1.469149
3.927278
8.430166
0.000335000000007
0.00333599999999
0.00810899999999
0.007578
0.046031
0.059876
0.305999
0.657747
1.519477
3.954467
8.302672