0.000291
0.003495
0.007303
0.008676
0.046921
0.041256
0.238421
0.499706
1.107195
3.342147
7.011089
0.000375
0.003447
0.007709
0.006953
0.043238
0.042778
0.258094
0.581654
1.232037
3.460721
7.347381
0.000351999999999
0.003446
0.007552
0.007017
0.045627
0.04297
0.304982
0.581798
1.246079
3.72444
8.440133
0.000523999999999
0.003619
0.00741
0.007061
0.049338
0.049624
0.280183
0.621141
1.364295
4.135803
8.32742
0.000361999999996
0.003936
0.008311
0.008117
0.050055
0.049643
0.311399
1.061646
1.389962
3.810741
8.108757
0.000388000000001
0.00341300000001
0.00765299999999
0.00729
0.046702
0.051603
0.316903
0.619573
1.373251
3.851037
8.70374
0.000358000000006
0.003416
0.00760699999999
0.00775
0.049056
0.04829
0.309492
0.682401
1.409856
4.01781
8.959908
0.00765299999999
0.000596999999999
0.006533
0.014635
0.014706
0.087554
0.063946
0.300389
0.698854
1.41859
3.988409
8.70198
0.000605000000007
0.00650400000001
0.014358
0.014761
0.08696
0.086424
0.343473
0.661797
1.405106
4.127575
9.456021
0.000338999999997
0.00342800000001
0.00756200000001
0.00805699999998
0.049544
0.048132
0.34707
0.677556
1.471686
4.066354
9.505844