0.000346
0.003621
0.009647
0.009561
0.048201
0.047854
0.359638
0.738971
1.423632
3.850247
7.269454
0.000356
0.003484
0.007359
0.0076
0.043934
0.044238
0.248556
0.580093
1.388361
3.590519
9.017435
0.000396000000002
0.004149
0.008561
0.00817
0.054199
0.052107
0.357136
0.849245
1.677314
3.970885
9.789289
0.000433000000001
0.004413
0.00899099999999
0.009209
0.054247
0.054813
0.322801
0.708675
1.575812
4.359959
10.164934
0.000367000000004
0.003968
0.013597
0.01122
0.054244
0.080006
0.328233
0.786484
1.664179
4.139548
9.776267
0.000616000000008
0.004097
0.00878399999999
0.009072
0.053836
0.055481
0.343211
0.686476
1.604751
4.95521
10.060041
0.000394
0.004186
0.00908799999999
0.011992
0.062223
0.052744
0.314204
0.687422
1.682549
4.576682
9.170549
0.000370000000004
0.003584
0.007918
0.00817599999999
0.04812
0.052161
0.334088
0.735243
1.577069
5.058414
10.385059
0.000449000000003
0.00387599999999
0.010593
0.009131
0.054941
0.068641
0.38331
0.79404
1.715706
5.391181
11.254044
0.000643999999994
0.005709
0.013434
0.012485
0.07491
0.073103
0.445208
0.910825
1.606498
5.584971
10.778415