0.000299
0.003494
0.007082
0.007936
0.040938
0.041329
0.239419
0.53819
1.100424
3.008473
6.392573
0.000568000000001
0.003369
0.007147
0.007549
0.04347
0.044497
0.241701
0.531601
1.167986
3.240543
7.41915
0.000337999999999
0.003424
0.007254
0.007034
0.044901
0.044854
0.293307
0.586073
1.316879
3.654943
7.675795
0.000339000000004
0.003588
0.00794399999999
0.00737599999999
0.047673
0.045899
0.273021
0.619391
1.315208
3.567746
7.718746
0.000368000000002
0.003522
0.008554
0.00823
0.050442
0.046196
0.280204
0.606025
1.347978
3.635038
7.862765
0.000337999999999
0.003547
0.00749
0.008184
0.047868
0.046736
0.288384
0.620314
1.345828
3.83042
8.218892
0.000343999999998
0.00342900000001
0.007384
0.007396
0.048619
0.048371
0.30912
0.653557
1.441995
3.875199
8.180787
0.000342000000003
0.003474
0.00771400000001
0.007955
0.04753
0.04829
0.292071
0.647328
1.396158
3.797373
8.203675
0.000334999999993
0.00393600000001
0.009109
0.009472
0.054763
0.050602
0.30282
0.64412
1.458091
3.897289
8.137247
0.000340000000008
0.003462
0.00767400000001
0.007599
0.046654
0.0476
0.284383
0.629068
1.357393
3.720612
8.053653