0.000301
0.003367
0.007396
0.007137
0.040991
0.041663
0.241826
0.507119
1.070093
2.858437
6.110706
0.000312999999998
0.00343
0.006992
0.007085
0.040229
0.040791
0.235395
0.495097
1.061437
2.813613
6.419347
0.000339
0.003418
0.00732
0.007142
0.0459
0.04245
0.26127
0.542497
1.156284
3.351475
7.120179
0.000377999999998
0.003443
0.007479
0.007264
0.044964
0.045124
0.261025
0.570411
1.199504
3.246622
6.766533
0.000325000000004
0.003222
0.007282
0.006974
0.043557
0.042643
0.259094
0.564236
1.216779
3.281574
7.123332
0.000413000000002
0.003426
0.0078
0.007722
0.046204
0.044325
0.2649
0.563633
1.210311
3.319498
7.455122
0.000343999999998
0.00335
0.00753
0.007076
0.045805
0.045785
0.267049
0.59545
1.252679
3.564438
7.738076
0.000353000000004
0.00320000000001
0.007682
0.007605
0.047463
0.048049
0.285052
0.625276
1.383903
3.729985
8.062554
0.000332
0.00357199999999
0.007795
0.007521
0.049217
0.050126
0.305617
0.657235
1.41992
3.836138
7.875974
0.000366
0.003478
0.00744899999999
0.007614
0.047237
0.047595
0.280016
0.602623
1.38768
3.904201
7.834432