0.000283
0.003733
0.007501
0.00744
0.042226
0.043723
0.247663
0.515082
1.087028
2.97011
6.302752
0.000362000000001
0.003511
0.007572
0.007656
0.042468
0.045332
0.248618
0.524366
1.123663
3.054439
6.777648
0.000334000000002
0.003456
0.007292
0.006957
0.045052
0.042799
0.277872
0.556549
1.227244
3.451935
7.379235
0.000352999999997
0.003615
0.007552
0.007346
0.045664
0.044838
0.268273
0.588625
1.261631
3.611937
7.675802
0.000329999999998
0.003721
0.008761
0.008678
0.053507
0.052393
0.286525
0.640243
1.304859
3.594552
7.692853
0.000353000000004
0.003353
0.0076
0.007983
0.047927
0.049025
0.285588
0.614202
1.368761
3.710529
7.914947
0.000339999999994
0.00355999999999
0.008083
0.007542
0.048135
0.048553
0.282286
0.61352
1.333993
3.682097
8.001431
0.000338999999997
0.003595
0.00784299999999
0.00836
0.04968
0.048141
0.288922
0.630472
1.329909
3.69421
8.024844
0.000375000000005
0.003364
0.0076
0.00744400000001
0.047733
0.046419
0.282477
0.614026
1.365893
3.714994
7.88961
0.000627999999992
0.00341599999999
0.007667
0.007693
0.047537
0.047345
0.28416
0.624005
1.346562
3.679114
7.945654