0.000286
0.00342
0.007244
0.007468
0.044411
0.041661
0.236957
0.507032
1.103099
2.944191
6.223973
0.000327
0.003373
0.007456
0.007158
0.041335
0.042521
0.240981
0.521397
1.12396
3.105757
1.304502
7.042297
0.000357000000001
0.003526
0.007469
0.007223
0.045593
0.042819
0.271183
0.563473
1.217978
3.381856
7.474671
0.000390000000003
0.003902
0.007803
0.00745
0.045652
0.044579
0.266443
0.639245
1.274361
3.611831
7.775482
0.000349
0.003694
0.007666
0.00727699999999
0.045093
0.045221
0.276678
0.596329
1.304502
3.732949
8.130744
0.000640000000004
0.00623399999999
0.01107
0.00770999999999
0.052974
0.050767
0.285353
0.638339
1.379725
3.745494
7.946008
0.000382000000002
0.003578
0.00767599999999
0.00768500000001
0.04771
0.046437
0.281649
0.616437
1.343101
3.865954
8.31635
0.000348000000002
0.003502
0.007724
0.007407
0.04912
0.049694
0.291224
0.62662
1.392953
3.958233
8.317569
0.000340000000008
0.00363899999999
0.00779199999999
0.007644
0.047664
0.047913
0.287581
0.625069
1.381827
3.829457
8.494849
0.000347000000005
0.00344299999999
0.007824
0.007887
0.047551
0.048915
0.299239
0.668243
1.40151
3.921304
8.068277