0.000309
0.003269
0.007157
0.007128
0.04177
0.041515
0.23702
0.515992
1.091366
2.973399
6.293817
0.000339
0.003318
0.007135
0.007116
0.042441
0.042702
0.240809
0.519739
1.111732
3.014427
6.681133
0.00037
0.003555
0.008101
0.007352
0.04487
0.046156
0.601761
0.265114
0.562832
1.200025
3.450745
7.42912
0.000336999999995
0.003583
0.007473
0.007339
0.046004
0.046574
0.269139
0.601761
1.258983
3.548998
7.628674
0.000336999999995
0.00342999999999
0.007547
0.007358
0.045934
0.045864
0.27841
0.595992
1.345765
3.6084
7.827872
0.000355999999996
0.003682
0.007773
0.008583
0.047356
0.047674
0.283988
0.619791
1.334211
3.742259
8.099607
0.000375000000005
0.00383099999999
0.007695
0.008223
0.048177
0.050325
0.292921
0.63189
1.371473
3.739271
7.881669
0.000336000000004
0.00359
0.00802300000001
0.00785499999999
0.04777
0.046838
0.282089
0.621617
1.353437
3.824412
7.983756
0.000354000000002
0.003925
0.00789399999999
0.00774700000001
0.049586
0.050575
0.293972
0.624259
1.354513
3.706285
8.07766
0.000342000000003
0.00363999999999
0.00802399999999
0.00791899999999
0.049884
0.051107
0.303738
0.6229
1.352254
3.803982
8.019993