0.000286
0.003331
0.007557
0.007387
0.041694
0.042271
0.23945
0.510382
1.08878
2.920651
6.265792
0.000323
0.003378
0.007122
0.006897
0.041626
0.042981
0.240563
0.522984
1.119001
3.068802
6.845214
0.000351000000002
0.003869
0.007293
0.007052
0.044925
0.042638
0.275693
0.56744
1.232969
3.458137
7.455701
0.000408
0.003594
0.008249
0.007329
0.044675
0.045295
0.268344
0.594861
1.273902
3.482
7.646779
0.000339999999994
0.00349
0.007729
0.00758
0.046663
0.047329
0.285735
0.60268
1.318056
3.587389
7.746145
0.000408999999998
0.003439
0.007705
0.007782
0.047467
0.047284
0.278616
0.601779
1.34797
3.74336
7.850051
0.000337000000002
0.004079
0.00783
0.00770200000001
0.049021
0.047545
0.293265
0.614857
1.391528
3.661016
8.026595
0.000341999999989
0.00347000000001
0.007918
0.007943
0.047498
0.04704
0.287043
0.627933
1.370374
3.736221
8.204094
0.000335000000007
0.004121
0.008234
0.007598
0.049381
0.048682
0.294814
0.627182
1.348701
3.75733
8.158079
0.000337000000002
0.00361000000001
0.007897
0.007836
0.048108
0.048811
0.298528
0.634064
1.36746
3.861508
8.143774