0.000286
0.003222
0.007131
0.007059
0.040641
0.04069
0.235034
0.511148
1.075667
2.870856
6.023517
0.000358
0.003209
0.007218
0.007244
0.040641
0.040879
0.23656
0.506138
1.068888
2.944966
0.007385
6.452075
0.000342
0.003462
0.007049
0.007222
0.043309
0.04126
0.257298
0.551237
1.180374
3.237634
7.043704
0.000354000000002
0.003394
0.007381
0.007111
0.04439
0.043856
0.256787
0.561239
1.203574
3.344841
7.275535
0.000337000000002
0.00336
0.007385
0.007234
0.044503
0.044633
0.271309
0.572358
1.250682
3.442238
7.333114
0.000402000000001
0.003654
0.007411
0.007776
0.045193
0.044945
0.265543
0.611915
1.304389
3.53005
7.558059
0.000334000000009
0.00411899999999
0.007571
0.00745999999999
0.048346
0.048354
0.281471
0.604845
1.30047
3.563013
7.722961
0.000351999999992
0.003625
0.007392
0.007361
0.045351
0.045373
0.274534
0.596375
1.29173
3.588586
7.690447
0.000332
0.00357700000001
0.007682
0.007217
0.045846
0.045591
0.287573
0.607804
1.284947
3.573318
7.676412
0.000419000000008
0.003542
0.007425
0.00776499999999
0.046012
0.045554
0.280606
0.599879
1.294699
3.600969
7.593687