0.000313
0.004053
0.007345
0.008382
0.044286
0.043742
0.25523
0.543616
1.106005
2.904053
6.138534
0.000335
0.003391
0.00684
0.007224
0.041073
0.041805
0.240051
0.523006
1.136287
3.078275
6.766718
0.000375000000002
0.003332
0.007357
0.006953
0.043963
0.041232
0.263433
0.546104
1.195672
3.397872
7.623307
0.000336000000004
0.003565
0.007912
0.007318
0.044481
0.045479
0.275606
0.604183
1.220693
3.495745
7.468329
0.000363999999998
0.003684
0.00753
0.007663
0.04916
0.047151
0.283536
0.617631
1.382718
3.732268
7.820833
0.000439
0.003575
0.00752499999999
0.007781
0.047542
0.0472
0.291646
0.626423
1.354328
3.774982
8.031947
0.000336000000004
0.003489
0.00763500000001
0.007347
0.048988
0.047725
0.293667
0.626049
1.342667
3.714432
7.907872
0.000356999999994
0.003602
0.008217
0.007998
0.050452
0.048516
0.294484
0.662688
1.387696
3.777411
8.092345
0.000354000000002
0.003372
0.007643
0.00782700000001
0.047825
0.048286
0.284513
0.607626
1.334004
3.750923
7.960416
0.000346000000008
0.003407
0.007653
0.007338
0.046921
0.047533
0.283117
0.610153
1.361371
3.795381
8.159661